Lab 6 Selection Analysis/elevation.asc
NCOLS 505 
NROWS 351 
XLLCORNER 717640.24834496 
YLLCORNER 4414960.906881 
CELLSIZE 30 
NODATA_value -9999 
[rows 280 to 299 of 351, columns 138 to 183 of 505]
2027.57433945682 2031.63939350355 2038.68717611328 2042.64069585935 2046.46868450626 2048.71051258311 2051.16454487183 2053.42513822875 2053.97568688505 2050.88350586129 2048.53379234194 2051.51606417138 2055.63940363967 2060.62732379036 2068.75754225577 2071.37267824627 2075.39595734205 2079.04682482895 2082.57508789829 2084.35755641617 2082.20918720224 2078.45998603991 2075.50777740585 2074.34885288539 2074.36499239119 2073.96476862251 2073.40953319653 2073.46750288187 2074.07711711967 2074.09638548246 2069.46726507377 2067.92610010096 2065.59783690837 2062.33187241976 2055.74453722506 2044.5322441419 2036.04764666871 2031.24051101297 2026.72452043915 2021.51982252101 2019.88387907643 2022.42310109857 2022.03936436513 2023.12820378968 2024.13051468999 2027.60384083001
2034.87098566968 2031.95259379541 2036.59330475301 2042.39186477717 2048.43388077849 2051.13770340099 2053.88087129967 2056.38616170027 2058.56439034135 2053.13736864456 2049.03604203614 2051.63341071304 2056.11377059803 2060.8579646359 2068.67297769177 2071.84551878124 2077.13862503585 2081.39378754361 2084.81895295194 2086.34361080138 2085.20392168211 2082.19709503492 2079.21140253551 2077.69148918583 2077.29819226477 2076.6991443841 2075.6237134175 2074.31551672601 2073.8232694155 2070.64592234834 2061.27453233054 2059.96872767705 2058.75065708867 2055.14998471265 2049.97704130599 2042.65243605697 2035.74602043901 2030.76553913476 2025.68976737267 2020.43267715624 2017.5643398366 2026.93774663547 2027.29366921829 2027.33046715354 2027.33497931991 2028.21329883904
2039.42904753767 2038.19150449768 2037.21160013437 2042.66022628573 2050.49877025295 2053.76320496047 2056.44350568718 2059.36102562926 2061.44109021064 2056.96737633148 2051.64753620931 2052.59921072555 2056.38233598438 2060.84744006266 2067.84869624818 2072.46290180008 2078.92972473772 2082.78365562526 2086.14910817697 2088.46949916525 2088.18977070552 2085.90280407363 2083.2560760429 2081.29655607445 2080.39622306873 2079.48833079948 2077.11123138892 2073.88947146084 2070.04225780203 2066.48973134341 2057.8765565003 2053.01991941805 2049.98529178107 2047.31758060941 2044.55504473058 2039.78400793574 2033.64708319281 2027.21648929668 2023.02685883642 2020.32412053505 2019.63053778946 2028.39680501397 2029.52332489287 2030.56388668058 2031.40562305885 2031.74018049575
2042.46937086964 2043.75210503722 2041.94450099546 2043.0220945983 2049.91351189755 2055.54232061563 2058.43574924117 2061.3554642486 2063.40051575783 2060.28187974039 2054.36222444723 2054.59979991723 2058.11514726832 2062.38122211325 2067.01567911992 2074.11991849633 2079.54257277047 2083.33838205436 2086.9974510178 2090.33722992603 2090.01267704171 2087.18519628496 2085.26617506454 2083.74387822499 2082.38379145922 2079.27161203678 2075.28694956682 2071.96543960689 2066.17147268271 2062.1506134454 2057.00513207766 2047.7214930615 2043.93375945045 2041.74821565189 2039.13894703204 2035.10186643571 2028.62876042027 2023.52791636228 2021.92856479667 2021.65008506976 2023.25421710089 2030.29278519407 2032.04332788515 2033.57387619716 2035.14427622338 2036.19829477927
2043.9653717581 2046.5237684089 2046.68994713344 2045.71959322966 2048.05924936276 2055.0032134164 2059.62041752391 2063.06047227339 2065.65964271278 2063.86947465806 2057.95944540986 2056.68910473512 2060.36276800013 2066.11244247413 2070.97980322085 2077.07872637202 2081.4755310406 2085.17526269208 2088.16553968186 2090.86959041511 2090.44319360972 2087.54259148017 2085.74205620984 2084.20312919162 2082.62555157906 2075.84881562305 2071.76456786853 2068.3696078839 2063.85160673203 2058.46137254393 2053.64752474258 2047.23705430039 2044.05547130114 2040.11990457056 2034.93270296474 2030.24608196259 2024.93681186783 2023.46439844269 2024.02623533885 2024.90570003995 2026.89603001078 2032.05966682904 2034.21614980828 2036.54976791289 2038.46872674844 2039.75778310607
2047.30654793785 2048.81428883145 2050.7002494517 2051.11730045863 2051.4983673232 2054.36770860985 2060.65802444218 2065.19075311318 2067.95373427681 2067.38228654007 2061.96413888143 2059.7242355653 2062.08479101416 2067.06383307724 2072.98773053542 2079.93963616579 2083.45733635023 2086.99206558357 2089.29808765763 2091.12987031993 2090.26776346435 2087.4249189343 2084.72344563531 2083.28900261306 2082.21267866463 2077.03385770846 2070.86580707277 2066.49729086833 2062.30892865274 2057.73699359394 2054.86172293223 2049.9604087526 2044.7843479009 2037.00365914588 2028.97654627727 2025.10555767315 2024.8899902605 2025.6288480701 2026.46169178526 2027.66159145798 2029.21166391976 2032.50280032919 2036.4028349257 2039.0209310833 2041.03948282605 2042.3556882311
2051.74383874483 2052.69381536605 2053.80566031492 2055.57811017855 2055.95385908187 2056.0999325843 2060.59907917857 2065.93190710594 2069.42397540511 2070.1649076512 2065.1762128247 2063.46287048295 2065.48936466217 2068.45054808353 2072.3969507199 2079.60291439734 2083.33816905547 2087.49465985591 2089.53543986498 2090.61200349653 2089.1831218449 2085.53895279006 2081.31927272515 2079.51252989282 2079.96924908446 2078.4489130812 2070.16755266152 2065.37899216566 2062.00208821224 2059.01922159222 2056.36445719126 2050.33796487099 2041.69555585856 2030.4346237327 2025.25706889779 2024.86981409548 2026.77652317996 2027.92952920985 2028.82117996437 2030.33853660007 2031.91381230215 2033.39712423248 2037.946110068 2041.06193071805 2043.53223015513 2045.02793114962
2055.94084288104 2057.3197001159 2057.94040806085 2059.41601120114 2060.87004424424 2060.71805564597 2061.27291473118 2065.05197245659 2069.61826797297 2071.5395582407 2068.23056168214 2066.57465510335 2068.80238586756 2071.39781449049 2073.68664834487 2078.00085363094 2083.62444125803 2087.54839213793 2089.39535620076 2090.13485033347 2088.2282567107 2083.92833870881 2077.92476792855 2074.02398792225 2075.35322252412 2076.40911322886 2071.87929402641 2066.72462130857 2061.42489724185 2058.26506742383 2056.69740954428 2050.9439132918 2038.13331670855 2027.3459738192 2024.38336665594 2027.43854210807 2030.05892347661 2030.654940073 2031.1071278079 2032.84493290854 2034.68222056947 2036.31439075561 2040.08789536281 2043.23693223821 2045.8384259478 2047.66846330919
2057.31593329473 2058.75960669191 2059.4995517233 2061.14173284837 2064.50673000256 2065.55516104464 2064.90745500969 2065.84007770094 2069.75283196841 2073.11318548758 2071.95446691945 2069.93208419769 2072.2848438154 2075.14253880241 2077.69681637144 2080.88286506021 2085.75481808239 2088.57464726189 2090.29354777957 2089.80935072871 2087.25569927311 2082.96489569082 2076.73116869659 2069.68675350301 2069.39433226283 2072.98131074993 2072.04316499093 2066.60243672854 2059.29069796649 2051.95821858277 2051.32747154152 2045.55627891567 2031.02902874396 2025.38433903427 2026.24090138652 2029.66363546003 2031.30824460006 2031.64559119282 2031.7879554216 2035.23071472106 2037.35230374955 2039.31347761472 2042.96752955376 2045.21785506395 2047.82998195503 2049.89551517905
2060.32309975599 2061.87256714488 2062.55532065624 2063.29485452224 2065.06302488253 2066.32560902073 2066.87086476391 2067.86521171587 2070.93999696184 2074.44182281647 2076.12049043282 2073.82889519054 2073.90993933051 2079.1623588284 2082.3739285985 2085.30633942902 2089.14811762757 2091.00504838871 2091.37922673855 2089.19967359956 2086.53045640135 2082.22682660572 2075.99833191776 2068.03477377275 2063.15370352891 2067.19002813005 2069.22578153501 2064.00032369445 2054.82923336909 2046.4838992071 2042.33255621104 2036.54306516628 2026.6226979892 2028.21721539457 2031.10389457994 2032.94944066751 2033.4611165198 2034.08951079584 2034.72975806888 2036.25558564052 2038.04716733254 2040.13034284934 2045.77772524211 2047.48823087106 2049.38868498765 2051.48371708668
2063.29318930242 2065.14317355179 2066.39775939529 2066.9490022707 2067.68932867693 2068.65282540975 2068.20740019236 2068.28930555276 2071.24127105287 2074.6847364535 2078.21335177454 2080.07488276047 2078.45683552371 2082.66251715995 2086.87739806283 2089.18888294559 2092.22164037914 2092.64619420238 2090.1237069649 2085.78701517026 2083.38354758646 2079.16545508472 2073.07749812235 2064.58350931353 2057.89898612895 2062.88227250622 2068.90851015234 2062.79102011749 2052.69574404082 2044.11739111411 2037.57350850795 2031.74051568064 2029.77715870663 2033.5833085067 2035.33382596889 2035.66619990327 2035.75969965659 2036.97078025413 2037.8617273099 2038.32300062776 2039.74054067851 2041.91430140568 2044.99772294609 2047.97326889382 2049.6726799027 2052.21452944751
2065.0665121099 2067.73781047578 2069.27924746362 2070.31030917008 2071.36258718863 2072.56324236439 2072.52549419408 2071.8168705868 2073.51172998273 2076.10898993889 2078.69465983741 2080.97775385255 2079.18220579704 2086.16506305436 2091.24328687018 2092.69446408954 2094.06109004379 2092.54781357295 2086.8471102634 2081.54076683227 2079.27859870867 2076.05825603081 2070.06022830877 2061.55670015688 2052.78823411962 2058.89129871585 2066.06944697365 2059.64932362637 2049.15788808331 2042.26050327652 2035.39028923485 2030.21090467786 2033.15117065318 2037.35355472446 2038.29717482262 2038.19087779063 2038.25181744794 2039.23997598624 2040.30515584869 2041.23907044705 2042.09090975258 2043.57814286061 2046.61254771226 2050.49289626857 2052.12116808388 2053.80150836829
2062.70500468746 2069.6039227633 2071.923063045 2073.53947179302 2074.77951171737 2075.8152087101 2075.63619159757 2074.18565562118 2075.68341580623 2078.42115079933 2080.80827080943 2084.83192062918 2085.59975739305 2086.45452906953 2091.53198661428 2092.83514605775 2093.56605088124 2091.71010453021 2084.28666807913 2078.59856981898 2077.62307137697 2075.08396839386 2069.33390425625 2062.06937301667 2051.85882706675 2050.6770068049 2057.4098814825 2050.3274179737 2042.13430971133 2033.09184846784 2029.6459109561 2029.57893882632 2032.69083664349 2037.53537356409 2039.40779822868 2040.70273456685 2041.39841916252 2042.06036277453 2042.92653893775 2044.09737734805 2045.18835442565 2046.64764013267 2049.36042390108 2053.67773950981 2055.71609358553 2056.8872434992
2066.01019143273 2070.3589303847 2073.90163986426 2076.00120510257 2077.57702911511 2078.99608320798 2079.73590439296 2079.2419284958 2079.74505189534 2082.23192407076 2084.73972665355 2087.8898587335 2089.43620666231 2091.50932303948 2093.65012852984 2094.54208676032 2094.76413036792 2091.62769909223 2084.10974378174 2076.87073987855 2074.8203619221 2074.94821318185 2070.7080477184 2063.79283155801 2053.42082639788 2042.93393406006 2043.36929589081 2038.83455176009 2033.13626841961 2031.82144448621 2032.53225029979 2032.22355855174 2034.79027117968 2038.33715273752 2040.72385060084 2042.89973825321 2044.06214964223 2044.59354566207 2045.54716658731 2046.99131318834 2048.38338910847 2049.74583296851 2051.88146658934 2056.27760084303 2058.23499683964 2059.7865346045
2069.42805726403 2072.85944175155 2075.50488134902 2078.36182148193 2080.5011691938 2082.31601776724 2083.66202570969 2083.5730945566 2083.70877444237 2086.15339566241 2088.53724179126 2090.88514388 2092.08302049103 2093.24561623674 2094.68571521784 2095.35196517018 2094.96624783124 2089.95762144045 2081.26358404475 2075.1848519513 2074.62349864833 2075.79437945542 2071.17250881965 2061.5046139738 2050.75135714249 2039.69819098012 2034.70370814412 2034.65777841443 2034.73415951291 2034.36121455703 2033.73755837101 2033.50404452242 2037.07608075231 2041.26897896184 2043.24352376086 2044.64697402041 2045.76796968977 2046.55427080607 2048.20264371687 2049.82477877208 2051.1811304449 2052.39646050179 2054.05722580771 2057.86428689008 2060.5199800592 2062.22287774139
2073.30852405598 2076.42293884398 2078.49767199693 2080.9411921901 2083.68295704864 2085.94734173398 2087.9089286436 2088.69471507999 2088.70657286169 2090.06916872027 2091.83969076372 2093.54926473267 2094.46169344155 2095.23280924753 2095.71916212362 2095.7059709076 2093.78735518752 2084.92631070793 2076.40171170955 2071.88116281337 2073.2142821468 2075.67762384561 2069.44935968202 2059.1157478326 2048.75169034207 2038.94736629813 2035.09357022434 2037.60162961433 2038.19939329182 2036.72542599122 2036.09638160828 2037.40989881765 2039.93346860522 2043.47457808375 2045.33136011644 2046.44740699645 2047.38578736988 2048.29250191051 2050.25147705253 2051.94362011147 2053.44034991397 2054.74695065562 2055.9676027595 2058.31806916566 2062.28890738763 2063.55846267985
2077.07609676173 2079.65060937085 2082.08135447008 2084.36924637741 2087.07349164812 2089.29968089066 2091.52333234009 2093.13223986401 2093.60187617056 2094.09574640938 2094.83050914454 2095.64809563603 2096.64751365876 2096.96610584188 2096.73084859679 2095.71084119385 2092.37873555728 2081.20963157971 2071.99546571398 2068.42567569321 2071.43571558785 2074.32590907181 2062.54848737918 2048.61926556999 2040.44232147383 2036.79261001813 2037.52587923073 2038.76056027318 2038.6094241247 2037.03766928467 2037.35174545718 2038.936862059 2041.52674281857 2044.53114460857 2046.93604513897 2048.21763572911 2049.18408461471 2050.14243980311 2052.45465201987 2054.26637503163 2055.81037825431 2057.24466701156 2058.66716797328 2060.78500235834 2063.74164818679 2064.87946237086
2079.6186359603 2082.92615664671 2085.91172581757 2087.8901442327 2090.12251644069 2092.37040668929 2094.58322303885 2096.15497289929 2096.81548483162 2097.34985947496 2097.75155558455 2098.11122225046 2098.49217267388 2098.29625949449 2097.13536000028 2094.85079607918 2091.37906616323 2083.30158879456 2070.73598850775 2066.27805653948 2066.33152523111 2066.08865164001 2053.41715246289 2040.96200716414 2038.29511638581 2039.52128847849 2041.62061276118 2042.71651065045 2039.5605338786 2037.31069467098 2037.99716960695 2040.12589183782 2042.38119692416 2045.28561731995 2048.31028758539 2049.43504831613 2050.93362687115 2052.27264249737 2054.7409691224 2056.55684966789 2058.09901602745 2059.58623542144 2061.06011355307 2062.80607244764 2065.22424525223 2066.38450318085
2081.1917219503 2085.67076098297 2088.11814696825 2089.75221628999 2092.12344651823 2094.92272586739 2097.04810520112 2098.81163570673 2099.72756136199 2100.2007806347 2100.41506079788 2100.44533752847 2100.0080773127 2099.05734961418 2096.56215633831 2093.44850417151 2090.2397257717 2083.665143005 2072.35857644157 2065.45756427936 2059.86122166943 2055.12493868248 2046.29192265564 2040.0028964463 2041.01939492151 2043.15974355076 2044.96100700077 2045.22748135701 2039.29045110766 2037.74154857243 2040.56549815103 2043.54943181451 2045.7114185138 2047.55434952581 2049.25926461027 2050.2760524519 2052.03471676186 2053.55736028548 2055.53762809446 2057.75926889886 2060.26292396634 2061.73404293956 2063.10561904741 2064.61326859497 2066.85731142257 2067.97958581159
2084.83504864772 2087.2628248831 2089.93868880586 2091.02736506418 2093.27755303648 2096.21281811999 2098.18085434975 2100.90769376654 2102.73002764564 2103.05885932362 2103.09046048099 2102.64863810664 2100.82735363371 2098.94031747315 2095.13298702228 2091.3853995096 2088.16302796998 2082.33436843419 2072.78786717137 2065.08621958867 2056.55112234752 2048.45467091159 2042.62799534343 2041.68729164037 2043.97624036453 2045.72293351986 2046.51872902076 2045.91172452853 2039.88189922487 2040.06064048417 2043.76864849 2046.44760884221 2048.48791468181 2050.18480043775 2051.41808634379 2052.2731250442 2053.2948527575 2054.46889901601 2055.90572928159 2058.7169039645 2061.42611792195 2062.80004366843 2064.16830422179 2066.36648537513 2068.53501240461 2069.65811646995
