Lab 6 Selection Analysis/elevation.asc
NCOLS 505 
NROWS 351 
XLLCORNER 717640.24834496 
YLLCORNER 4414960.906881 
CELLSIZE 30 
NODATA_value -9999 
[rows 240 to 259 of 351, columns 0 to 45 of 505]
2039.94330775605 2030.52931585506 2027.112758682 2027.51513413149 2031.84658115969 2040.48369182728 2052.7878996893 2067.52081748691 2076.54939096944 2080.36546585359 2083.33093842258 2084.85772670859 2085.71086787261 2090.44477642433 2092.96913516373 2093.57186379435 2088.54450050856 2083.68090041651 2083.94978971252 2090.9257910247 2096.38501227242 2099.7712072828 2100.2760118912 2097.08288081773 2093.54489207864 2090.96798261067 2088.39589383425 2086.15844789501 2083.22300690296 2078.81498011711 2075.24454219601 2078.26924136522 2081.19161325466 2084.97059751776 2088.6793239082 2090.74170705054 2092.75058763292 2094.60818257974 2095.80769017903 2097.4499776248 2095.47983707896 2092.40314383671 2088.64493990921 2084.13246782396 2081.45751956143 2086.00624980098
2038.48350891505 2030.32773145198 2027.66490700551 2028.20074797565 2032.43047699363 2041.60988259654 2054.60221482729 2069.80117747026 2076.79506918657 2078.24242160369 2075.6506342519 2073.20804098341 2081.97796509892 2088.86368696039 2089.32205285138 2086.70966871483 2081.95654072557 2079.03856434843 2083.41625149213 2090.10071442104 2095.81694744503 2099.34889172604 2099.95980569654 2097.04857691838 2093.72245682675 2091.43422544006 2089.91781060994 2088.60517224166 2085.32052707927 2079.13348888116 2079.66664713507 2082.14098756508 2084.82392330746 2088.25325646303 2091.29198652644 2092.85921054618 2094.27920879046 2095.75465202455 2096.89895722194 2097.88628967365 2095.63653408733 2092.44497114111 2088.61946733215 2084.187281251 2082.68693678978 2088.12189120466
2035.57961328687 2030.22311688118 2028.3372384195 2029.05927492624 2034.86446704821 2044.42160440494 2054.84500751389 2067.34994391552 2073.07240059438 2073.34338311064 2065.82819297525 2062.54838589918 2075.65847576189 2086.22169312365 2081.84477173316 2078.79201192682 2074.55555625476 2073.70237466753 2083.50895541928 2090.00216040594 2095.47125365676 2098.93468523552 2099.34156341691 2097.14694508219 2094.58860661133 2092.82202687556 2091.9889471289 2090.75994463437 2087.25952904722 2080.55793319352 2083.16092708544 2085.42092883277 2087.68142240742 2090.64913149892 2093.56255544527 2095.10465204566 2096.48420216312 2097.53760085542 2098.31086376522 2098.83723476483 2096.12060247225 2092.63079799259 2088.69944552196 2084.19199452525 2082.31716153379 2089.10058976167
2033.94400166452 2030.75553803914 2029.40181719378 2029.84112054153 2035.6354681661 2042.74831279909 2048.87456883615 2056.83043311127 2060.34934483218 2060.14468484584 2059.63404036747 2062.46362708842 2075.37482054626 2082.89508323036 2076.46967360111 2072.76863575686 2069.49848314882 2069.44762767574 2079.2850783088 2087.30914383117 2092.01820804449 2094.66858193601 2095.93265633019 2096.12538907208 2095.60318043115 2095.06298967515 2094.08243702926 2092.37870782526 2088.01504360235 2084.03900668348 2086.70902230229 2088.60778080814 2090.48271687809 2092.73148431574 2095.42258394722 2097.33145765639 2098.61765395219 2099.60658715828 2100.29467439653 2099.39539428981 2096.49425071383 2092.96335262681 2089.12971283491 2085.04186959901 2084.14667404168 2090.77333739994
2035.8231855974 2032.32393741514 2030.5830222907 2030.07405873857 2033.70712007379 2038.9604496607 2042.10059544654 2045.65315353858 2048.9848144111 2051.04263857394 2052.00323409784 2059.24542046298 2069.12215421741 2071.19232541023 2069.78158643112 2067.55752198286 2065.66751103746 2067.35358602044 2074.27463839429 2084.14480702349 2087.51305408232 2088.28323476588 2090.87611260564 2094.50330629466 2096.69642629605 2097.63391067395 2096.00087209121 2092.98972003179 2089.31595442974 2087.67062539907 2089.73302085013 2091.5231427955 2093.28849553906 2095.03692202041 2097.47890279022 2099.66241319876 2100.85951407939 2101.80893161158 2102.5470115235 2100.39104454859 2096.96427804294 2093.50731532794 2089.75745743282 2086.19288787927 2086.69501190306 2093.23539830918
2036.56265722016 2034.32959919379 2032.23613463503 2030.76090824069 2033.08243042223 2037.99172242916 2040.27536980442 2042.12523563188 2045.13884860253 2047.29381067769 2048.25037321504 2052.00874054792 2057.48566342071 2059.55378609752 2060.40944801157 2061.95148686349 2064.71931089316 2070.0959593548 2076.14647031037 2082.23187453669 2084.7255163721 2086.03914370099 2089.23136133898 2094.24183283066 2097.99263063924 2099.1921783823 2096.98622126465 2093.6023247543 2090.99468148805 2090.72720259864 2092.49863957794 2094.15122446181 2095.84487393795 2097.65537928045 2100.08306881206 2102.19782942064 2103.35255196365 2104.12205763425 2104.77700584733 2103.79936660679 2097.63653605364 2094.22302644863 2090.42517106956 2086.6420892183 2089.17139978232 2096.05840334363
2039.41994246157 2037.74274984237 2035.3343932516 2032.26728641978 2033.32782420795 2038.07115677324 2040.23291561179 2041.90960223425 2046.11810254209 2050.15213387297 2052.50395069815 2054.50486503426 2056.79124858795 2058.87935130235 2061.32624727727 2065.90663574227 2071.88434731209 2075.01991846174 2079.75368265412 2084.17991996776 2087.03067876817 2089.60530993079 2091.92517099675 2094.90296496575 2098.41502381223 2099.46811471858 2097.12011098115 2094.71045268248 2092.73046367878 2092.87333809123 2094.98176527303 2096.52595635804 2098.14993013234 2099.94755676547 2102.51247614378 2104.72414757798 2105.82523796537 2106.539604729 2107.04896374402 2106.09023553145 2098.23854030135 2094.86249231602 2091.18244559681 2087.19537012954 2090.77952930979 2096.60739940944
2045.70779053517 2043.15132474981 2039.08796589488 2034.10273597725 2034.0602124051 2038.33458471081 2040.59662389209 2042.54687091635 2049.48153277428 2056.6157422631 2060.77370763365 2064.34267255488 2066.58873752586 2068.28045814787 2071.4141851314 2073.10833233773 2075.38538877602 2078.94489403609 2083.71038992497 2089.94084545254 2093.31164166857 2095.13372300718 2096.5978074969 2098.48543908316 2100.6233065981 2100.26740750075 2097.74930334941 2095.1285522451 2093.24532514476 2093.30411309527 2096.0829871432 2098.9254681194 2100.49701316842 2102.19990692751 2104.79575761482 2107.14422371802 2108.25598171806 2109.07054439629 2109.52913756984 2106.82544427188 2098.99290678038 2095.34815505449 2091.54879023619 2089.14209051231 2092.06207376893 2097.17803177553
2051.35530500233 2047.98098989467 2042.39961288442 2037.45531069967 2034.68004823171 2037.95967869793 2041.2972395074 2044.20218437138 2049.99952143504 2058.31030683538 2064.59500769738 2070.51728091571 2074.33245692987 2076.88444316362 2080.96330670671 2081.81805667693 2082.98966814515 2084.69815252882 2086.65145593102 2091.77915276615 2097.75053650823 2100.58238379108 2102.66567936399 2103.82889420147 2103.98775131348 2102.01703734027 2098.90452758831 2096.54764783092 2095.39755725082 2095.79043336618 2097.73797354598 2099.50920353232 2101.06908333717 2103.50900368183 2106.37230767735 2109.13489938405 2110.761838913 2111.26564655873 2111.07335247981 2107.53185639788 2099.82026564475 2095.65872294922 2091.115099889 2092.50771192359 2094.7313145808 2098.32694763015
2052.2340744893 2048.63868602704 2042.55254024965 2037.28441589804 2035.28747952879 2037.19644408486 2041.36548348677 2047.10182467733 2049.07916268142 2054.11935812176 2060.82498570748 2068.77895185802 2075.91522789379 2079.45002807682 2084.0461685477 2087.1779391138 2091.46601715712 2093.1461107462 2095.46468053109 2098.66078823589 2102.16870579036 2104.52087154673 2105.6721890209 2106.10707929273 2105.47657518794 2103.63305465078 2100.56260990566 2098.40148055839 2097.77281416397 2098.35743057012 2100.16193908332 2101.63643715806 2103.06495369567 2104.72650169345 2106.60504232262 2109.45241916801 2111.1927422926 2112.3985657132 2111.7287744867 2108.17192305875 2100.38462017534 2095.91342916685 2091.49453214524 2094.33946181132 2097.60545049225 2100.30586346796
2053.96566147631 2048.62526628902 2042.5046520953 2037.18168211031 2035.90811218825 2038.79438404933 2042.79562516682 2050.08930787683 2056.05826013481 2057.44272859263 2058.01629144176 2061.0850352604 2067.58788015087 2073.33522199029 2081.33820643176 2088.15302552815 2093.36040100888 2096.15455292175 2099.20070692041 2102.74103768819 2106.17216198712 2107.65260155197 2107.98989839077 2107.55537643641 2106.98718601546 2104.7436863619 2102.27602522313 2101.03129084519 2100.54738071558 2101.04348840334 2102.98740683242 2104.36350121445 2105.56758349781 2106.8807657122 2108.39946169689 2111.10542139726 2112.86261304506 2112.93617465588 2111.78417476226 2108.23695993581 2103.78519400729 2096.1294104994 2092.62413414834 2097.45109951753 2101.00333038155 2103.79719239155
2054.0890915608 2047.32851487681 2040.52879235782 2036.48316701788 2037.07995027963 2038.9302498366 2042.91378200258 2052.72706054678 2062.9808826596 2068.38939236505 2068.64726116667 2067.93160308498 2070.50686926958 2076.08740275635 2080.62967987737 2085.80702108672 2089.05276461142 2093.69674141911 2099.07283646654 2103.8171794629 2109.35120026159 2110.5649379186 2109.7220156076 2108.46352885007 2107.5718195596 2105.47730645054 2104.31536010668 2103.32830603781 2103.68549248687 2104.16282372226 2105.41251642366 2106.60750544069 2107.75683059755 2108.86626890071 2110.11728216274 2112.86823765547 2115.03921681028 2114.56925982544 2111.65817038209 2107.92457604436 2103.9022130593 2096.14112073559 2092.79784735769 2098.45587088967 2105.32493640812 2107.56600334002
2054.80308224662 2046.15326978343 2040.1406624168 2037.76702087199 2039.13868814298 2041.05291757764 2044.98682854229 2054.02696928593 2063.44831701927 2069.00821367606 2069.65200034103 2078.757780746 2081.05105931931 2083.10681797556 2086.14865612686 2093.50655166792 2097.6149973729 2101.37726560008 2104.00957286265 2107.75070081572 2111.08817986691 2110.57484098989 2108.5188000592 2107.16539276929 2107.41941498221 2107.72136957413 2106.76930832923 2105.88012501018 2106.06627215523 2106.58483553475 2107.44560808113 2108.84544247006 2109.83217933844 2111.10191057181 2112.5890991725 2115.0916810703 2117.0238806574 2115.82026796479 2111.30109629492 2107.55376208251 2103.83807785885 2096.26498762024 2096.91591424208 2102.27601786208 2105.61380314574 2107.48637092755
2053.37612329075 2044.53554660865 2039.66629913826 2038.53179247155 2040.05898305465 2042.66134924643 2048.273871943 2058.61900838595 2067.97903313516 2074.75304803067 2078.5769689663 2080.59154367744 2081.70533457375 2083.85443776743 2087.55198439228 2099.50012580529 2102.7419735568 2106.20758053247 2109.52133357145 2111.50547445286 2110.73387609386 2107.83926503727 2105.14393260223 2104.24411629728 2106.29412651252 2109.51632029967 2109.90955170098 2109.37970252628 2108.9639705027 2109.12213013157 2110.20561661853 2111.67576439087 2112.77967013339 2114.28343086297 2115.68470806216 2116.96604958822 2118.13406333546 2116.67466637691 2111.97046021811 2108.05719000605 2104.50358834205 2096.59083934281 2100.78321608583 2105.57267888204 2108.49592598331 2110.86121344545
2051.91846949323 2043.68482617033 2040.16636634115 2039.05468354948 2040.55869505551 2043.50637298137 2049.68715223343 2059.54066466203 2068.35007517097 2074.49338206947 2080.20712716026 2083.34434422492 2085.60373170039 2088.67069683124 2093.25336874001 2100.69683820579 2103.88510868354 2108.02919149003 2111.36786877642 2110.47469353684 2107.30059445569 2101.97890970925 2100.35985062013 2103.84342733455 2108.19502207377 2110.92801188566 2111.52113115326 2111.43481418665 2111.03687589189 2111.36762455995 2112.98624510926 2115.54881264237 2116.72936886541 2117.73514751096 2118.69006708286 2119.62896305103 2119.76022436855 2117.5212537643 2113.11062717052 2109.20444745261 2105.89716922107 2099.29165400965 2103.41278433635 2107.74324234502 2111.21605257423 2114.18967686389
2049.15312532088 2043.16152285867 2040.84716928315 2039.83641167053 2041.08594262766 2043.52908383398 2048.30987532933 2055.41638395294 2061.92761800505 2068.5928171149 2079.51599825045 2085.23177760146 2089.39110278387 2094.69567484171 2098.45147520197 2104.26839295929 2106.94718515657 2110.148382056 2110.03129584893 2108.36650886641 2104.71786042235 2097.81013351553 2099.29836283879 2105.40752360639 2110.14599765402 2111.27191393282 2111.12483871342 2112.04579377346 2112.34845536136 2113.18498593504 2115.05673450532 2117.88317018587 2119.21743711118 2120.41791250111 2121.51767863406 2122.32126905108 2121.67205134092 2118.2647350286 2114.22319737253 2110.54556466156 2107.44567132128 2104.10101561168 2105.2847918375 2109.62920562727 2113.65331359927 2116.9812751277
2047.10739011151 2043.51467974382 2041.33147239453 2040.7072360503 2042.45706962394 2044.65307524925 2048.26285919258 2055.25859930256 2064.88343609493 2074.69877601142 2082.45065089116 2086.08203894332 2090.97782605767 2098.99069881929 2100.73640296999 2101.40171825252 2102.78829247378 2105.61033461079 2104.05579608775 2100.48604039235 2096.63017931401 2095.7562922985 2100.62170216449 2106.275359529 2110.81029107167 2111.1259272175 2109.62180685653 2111.84279376551 2109.77663849532 2111.74827309108 2114.21098436026 2117.77444943519 2120.64042829054 2122.46046035009 2123.96820890396 2124.69106332817 2122.96017330377 2118.80173934408 2115.17910728016 2112.29726434727 2109.75731753149 2106.12088165154 2106.69961807942 2111.33139789641 2115.47507368547 2118.45025885048
2046.98969213853 2043.65586834165 2042.22513426839 2041.45749276268 2043.42260402929 2045.9937539075 2049.98413961408 2056.27092454657 2064.51501152436 2075.06215777349 2081.04574393476 2082.16288621378 2088.67594372737 2096.03711393722 2096.32988615028 2092.11278015052 2093.02930913617 2095.65723321753 2094.39169057922 2091.00016765598 2091.53882557228 2097.60231566376 2103.44034998272 2108.29455539351 2111.05348819516 2109.66149191596 2106.74520933768 2108.50522208848 2105.96538055715 2109.67129205081 2112.93265376225 2117.28224790671 2121.96799070995 2124.29732673892 2126.4188307438 2127.10165392416 2123.97294600017 2119.56526613774 2116.25850289958 2114.00646946879 2111.93554808645 2108.76406439471 2108.23863475223 2112.38053771844 2116.37420087584 2119.17031493446
2047.54168623649 2046.5985569683 2043.6796410761 2041.97492767749 2043.00426133571 2045.41805458 2048.82066983324 2053.06747469776 2059.30075083813 2070.15536632696 2073.37703742031 2074.5584793221 2083.61383450091 2087.35113523376 2087.81888967199 2083.58698031069 2084.188175539 2085.22187071664 2083.81789679068 2083.8577411357 2089.74591709372 2099.21109593151 2105.4530083143 2108.37424706682 2107.86066865803 2103.65328873007 2100.09530635016 2103.15514971062 2106.38256297831 2110.95418149349 2114.03704945345 2118.11829207343 2122.96190924945 2125.48455012402 2128.31624883321 2129.46887973828 2127.18164015032 2121.57951233029 2117.72234531432 2115.26595284377 2112.93293230374 2110.49718156288 2109.0419945357 2111.60830393193 2115.53710587169 2118.66810603687
2048.20254967251 2048.75247347396 2045.21085426267 2042.66495634808 2043.01517826534 2045.14463642954 2047.80800518636 2049.78783162867 2053.94587748996 2060.89582888944 2063.93797059384 2066.15637505638 2072.05012481163 2075.02262962148 2077.16431320486 2075.81576740697 2075.41318354086 2076.64546116547 2079.72498004299 2085.41001374982 2092.24572388711 2101.21837503496 2106.34576201926 2104.63828549026 2099.80366082917 2095.10613503059 2094.14609192141 2104.48002544446 2109.71509847823 2113.92212553539 2116.8285608654 2120.63359048729 2125.03369217082 2127.14233644462 2129.31528937724 2130.38250162427 2129.34519145016 2122.76873023163 2119.05730011251 2116.50641033853 2113.97238619619 2111.40592424725 2109.63327271636 2111.7969659157 2114.56394778779 2117.62181405589
