Lab 6 Selection Analysis/elevation.asc
NCOLS 505 
NROWS 351 
XLLCORNER 717640.24834496 
YLLCORNER 4414960.906881 
CELLSIZE 30 
NODATA_value -9999 
[rows 60 to 79 of 351, columns 368 to 413 of 505]
1943.17069466609 1944.53741157822 1945.10721928028 1944.56042620401 1941.20249325293 1942.83665336864 1941.77981670177 1939.1228956859 1939.10271730412 1942.28465920221 1942.28379495498 1940.77096616979 1940.21465309918 1939.27824579987 1937.59909830021 1932.51484778211 1929.80753463385 1929.71478060392 1927.51607180151 1921.20515694056 1916.72472350613 1916.22960981609 1916.5642194072 1915.94824054753 1914.66596820291 1913.63088010704 1912.89596052029 1913.68601985758 1915.63027383617 1919.77222716649 1918.2535790231 1913.93201519207 1909.27056261403 1909.74899785083 1912.7102352689 1916.04872866041 1919.5925489512 1915.39140808886 1909.86453850764 1908.89993876615 1913.12885286693 1922.14107731406 1927.09496520907 1926.88988677302 1928.35309181588 1928.22259584718
1946.94711870899 1948.06820865636 1948.50843761826 1947.66237757136 1945.5364268781 1946.27578110627 1943.52762364258 1940.30477786289 1943.02628490175 1946.33327990935 1945.75898862373 1944.31701864038 1944.19419249732 1943.9277180777 1942.60848844094 1937.62756840261 1935.05477235792 1931.46430273835 1926.22823032134 1920.99405318913 1917.60846100986 1917.79226257944 1918.38339146446 1918.18250797626 1916.6608929468 1915.6114126117 1914.83914193046 1915.83449376409 1917.51551812814 1919.71889132586 1920.64278034759 1917.29171565813 1912.85000647945 1913.06094481406 1917.27388539339 1920.19844583271 1921.16682382068 1914.27736513157 1910.44946396186 1910.92828313798 1913.42285044447 1922.21968855139 1927.86467391181 1928.45685953989 1929.38710642734 1927.39226860647
1951.17319379221 1951.70663777374 1951.88815434461 1950.18387023761 1948.44114032927 1947.99339895823 1944.76743343758 1943.51352851979 1947.86860957293 1948.98160764544 1948.22860179743 1947.60589040765 1948.90377447949 1949.62215469421 1948.61357189389 1942.89876996682 1936.40619533891 1928.78110380592 1924.24871616279 1921.51014201031 1921.62448241986 1923.25497795133 1922.1160067638 1919.4310929137 1918.56374255977 1916.7199241402 1915.92507547696 1917.87940588093 1919.12930321206 1920.54335839235 1920.63523322692 1920.39277056611 1914.63401224282 1915.99992313157 1919.78714275589 1922.65427533579 1922.19548543666 1915.90337227617 1914.22349760891 1916.38071360012 1917.69067141668 1922.69109718498 1926.80879440042 1928.64441805981 1929.58768200802 1927.23765280195
1955.34436965327 1955.46676204545 1955.41466870759 1953.90772711244 1953.12911961464 1948.68272196195 1946.73577980205 1948.46150585193 1950.78913294185 1952.27325381937 1952.43678975105 1952.37594574099 1954.08620448286 1954.52528178485 1952.93024384633 1944.74239347266 1933.26765237702 1926.34389131746 1924.07180494026 1925.29485829739 1927.44047937382 1927.7347817592 1925.85740419987 1924.09103873194 1924.62758649185 1920.92577337051 1918.02019793743 1919.77223757218 1920.95172403398 1922.44990454538 1922.09967175718 1917.50691700017 1916.65987689162 1919.38131678879 1922.8455285921 1924.86375626195 1923.80845126272 1916.62721619922 1915.44598117414 1918.79047205488 1920.91939798324 1924.06890683872 1927.25704626688 1928.46295136495 1929.86247518347 1928.84519035104
1957.58636288936 1959.12191944738 1959.6157324275 1959.18556464058 1958.0626142286 1950.40386002576 1951.13202645591 1953.52206793143 1955.39444094777 1956.79982032965 1956.63707936963 1956.66375557696 1958.00235478011 1957.33183653164 1954.40281968921 1943.95291448627 1929.91007306602 1925.79530904557 1927.92647687393 1932.67340515567 1933.4937701503 1932.42371918592 1930.37812501995 1929.47706145768 1929.18672683673 1923.74406619255 1921.20679456676 1924.67987414998 1926.57225680959 1926.04045874011 1924.39864266425 1918.77023346447 1919.28998365798 1921.84569186148 1924.23566110617 1925.67700488965 1923.62541145015 1917.5125117951 1917.86675836631 1919.83559368412 1923.07417290318 1925.17781470988 1928.87297394356 1930.39293951794 1930.75268922429 1930.04840766558
1959.90781657979 1961.3547048252 1961.89550957619 1961.89047756867 1960.60357841099 1954.17958030934 1956.16391552828 1958.59609650686 1960.81109199003 1962.42107946934 1961.55412210095 1960.20575462928 1959.60872207707 1956.32239777379 1948.86951871906 1938.81959264364 1929.44023224299 1930.02810455373 1934.4950827944 1938.07364688404 1938.21723713547 1936.33754075661 1934.16511616616 1933.38500446656 1929.2965601932 1922.78296654721 1924.29384343097 1929.86034036222 1932.36396436125 1931.31544761791 1928.97938284267 1924.36286663747 1922.24821568535 1924.23367190883 1925.51197404871 1926.02326695037 1922.90915412292 1918.66355670444 1920.87668089476 1921.06209977536 1924.4161500772 1928.66350038696 1931.77340901401 1932.67494912474 1932.08562797324 1930.74301095505
1964.36889670255 1964.58905665001 1964.93762532341 1965.02897345566 1963.72191265163 1957.12162000469 1958.0138861266 1961.71513948342 1967.95665510688 1968.33802119922 1964.64256859732 1959.93694729622 1956.93330887402 1950.26932228892 1940.20764029759 1931.83361324779 1934.16327787799 1937.74315373092 1941.78935222971 1944.42910167746 1944.44244379125 1942.38557521531 1938.24323684263 1934.65382723978 1927.20769754149 1924.34029012183 1929.65066161621 1934.95817575334 1936.36254598583 1935.06255333028 1933.27684192879 1928.09381414375 1928.99639006275 1929.69739935663 1930.05563307146 1928.86495585598 1925.02425793905 1921.51177305826 1922.08361736458 1921.52199666517 1924.78590337077 1929.95027113442 1935.27556771141 1935.63425043843 1933.46006682931 1931.4426373643
1969.87663581985 1970.20545386576 1970.23084602231 1970.25814691334 1967.41808305743 1958.38341512671 1965.05091307023 1967.09394242742 1970.65643121408 1970.35879934328 1966.5481356708 1958.71362535922 1949.71090210502 1940.84526116905 1933.91908991712 1932.92852911032 1940.15599103537 1944.66517690611 1948.73282355296 1951.00541919883 1950.49796722586 1947.15878737159 1941.95485953979 1933.64525189129 1926.65797932496 1928.93184662511 1935.07900395486 1939.45352679701 1939.97588714285 1938.66479022186 1935.16569599895 1928.88913847006 1935.5731520274 1936.1121686897 1936.04389472732 1932.96910642616 1927.10659170195 1923.78696033994 1924.50346668842 1924.45547066203 1927.83045620135 1932.97253030618 1937.35388593009 1936.85760033583 1933.95593020196 1932.89662832145
1975.70679026877 1977.01272986337 1976.8278400962 1975.23767480224 1970.17403559925 1964.20776655173 1973.64500925375 1974.37492735383 1974.97334810918 1973.58136566144 1968.83000959186 1958.51062645587 1947.399355443 1938.08439551668 1936.28686311558 1939.40512013753 1945.19465035288 1950.27220881369 1953.30758445892 1954.4341039434 1953.35751161549 1949.60301814758 1941.48305224323 1931.97157007993 1927.3747079702 1934.13470246727 1941.11899907553 1943.49912277995 1943.60901165501 1941.04282335942 1934.3242605076 1933.46475380025 1941.69411391306 1942.2841396437 1940.78385129907 1935.27240013054 1927.66689223096 1927.43870822645 1929.35151547108 1928.89080374182 1933.66303324742 1939.038486438 1942.21322963772 1940.50612818629 1936.3334404051 1933.47551498401
1980.69592510774 1984.55528078914 1985.03978937081 1980.41446280359 1973.77256056501 1970.30459029281 1978.09830075392 1978.74676494016 1978.59365474746 1976.13110949958 1969.18084158911 1957.06868327055 1943.76412124791 1935.31913672916 1936.90505559982 1940.89663765524 1943.42793420037 1953.87916588173 1956.85884726468 1956.77400503009 1955.97532694193 1950.52359861457 1936.25304144614 1930.3260183523 1932.27317061962 1941.5241418025 1947.66990847846 1949.23020415455 1948.03736642638 1943.05424912184 1937.12491746642 1939.33961328963 1947.4226936825 1946.66434157607 1942.47563201768 1935.09688462364 1929.50193422303 1933.61754816743 1934.27418470345 1933.10344252203 1937.88479086174 1944.53710498428 1948.67552347259 1945.98414732885 1940.00874644551 1935.43976693735
1986.46294984408 1991.32146933478 1989.36412116809 1983.11720740532 1976.59788196744 1975.15380421146 1980.57782744403 1982.02543538618 1981.49684154603 1976.93011066501 1967.7606316955 1954.38434368071 1940.56910695948 1937.58940628769 1942.43033113516 1946.51449404324 1949.11845726367 1954.70998443343 1957.32349840062 1957.08255788745 1955.97712187282 1947.41252862408 1932.61331575642 1934.61570294235 1936.46090966168 1945.52771705032 1953.19381322017 1954.38057716953 1951.99503019232 1945.58177485691 1941.65730499632 1946.06503463055 1951.47741560266 1948.74352180619 1941.80980761335 1933.81740694759 1934.64940040601 1938.29293490955 1936.69813649493 1934.66165151292 1939.95642767848 1947.58654409583 1952.91742343361 1949.52762056006 1943.50362829243 1938.40941448691
1991.91388483475 1995.43020698413 1991.10734009389 1985.14013958216 1980.53857178312 1979.24747083111 1980.82593019196 1983.91765710765 1981.97653579192 1974.34736576378 1963.88700311689 1949.07660651669 1939.78974160776 1943.47525360063 1949.30551918853 1953.03575937708 1954.77557210493 1957.91132132506 1960.0168215947 1959.90804946368 1957.4584079314 1949.38781736561 1939.39333762653 1938.53522902035 1943.19734505573 1947.37266561162 1956.051219638 1957.71052318191 1953.59263987599 1947.23610436903 1946.87647223727 1952.98006634823 1955.98441761154 1949.57931848101 1941.71543897864 1935.87565188095 1940.41355395633 1945.28090811777 1942.31784648757 1937.51676847393 1941.92884642464 1948.97951667431 1954.50709884323 1952.76037577911 1946.85556588168 1941.86454762958
1995.6492299268 1995.83261298944 1991.69202602864 1987.31128088116 1983.4692284989 1983.98421131817 1984.39727169313 1982.41627206756 1976.3800557496 1968.47498317069 1959.02552375318 1948.87292845647 1944.56343708028 1949.74888233422 1955.42234364456 1958.05587874893 1958.93513387654 1961.87524243004 1962.547595181 1959.04170695321 1952.43340656186 1942.06228863902 1936.08885700764 1943.46471892461 1943.66403660645 1947.51586904443 1955.96175855626 1959.05723526067 1955.52194259548 1951.29500177378 1953.32365739026 1957.86881887168 1960.02766941944 1948.41229475691 1941.19865797886 1940.89856986478 1946.96414132321 1951.21182459024 1945.77791711877 1939.39511499211 1943.49831083373 1950.96126214796 1956.7043919295 1956.17036684394 1950.74426683521 1943.74279749465
1995.9478563693 1993.4938337817 1987.85839303892 1985.70286168607 1984.66216448957 1987.18858708607 1986.92221900551 1975.05998886484 1967.76545406129 1960.92591909153 1952.84224657605 1944.88160167693 1947.77542977205 1955.72491035189 1960.08393315886 1962.50461690991 1964.91828746488 1965.95424106238 1963.86353994595 1954.80088029174 1946.05726782126 1938.15166755152 1939.36968126007 1946.38891967797 1950.16326448705 1949.8396961032 1954.81831076803 1959.99664103935 1956.24619597691 1951.665623894 1955.55301254775 1961.1731018661 1963.54824019514 1946.89177600836 1941.93010260284 1948.31783933197 1953.11969860638 1954.71344172103 1948.84933058106 1942.29862049642 1946.33108685722 1953.13135193282 1958.1676597101 1961.47953362859 1954.38602384677 1946.81133596607
1995.33187152211 1994.3304332916 1983.76917935543 1981.08948505291 1981.37765509248 1981.70037727339 1979.82735257251 1964.96647230536 1956.65293517614 1950.18630166956 1945.74520490856 1944.97198404523 1952.40344362623 1959.94464563162 1964.09176121411 1966.79204954758 1967.8964778096 1967.33897736573 1956.99371886668 1949.29112140646 1940.79756458283 1942.62310870099 1944.30588123667 1946.58166208915 1954.34695397639 1954.26287932281 1955.38949091527 1960.54285582492 1958.19264481941 1954.63128838797 1956.82334258916 1962.02849054483 1963.56007216338 1946.77627029652 1946.59456494808 1951.82580117719 1956.36934170263 1958.21788104284 1952.42978254924 1946.02972165094 1948.38487710725 1954.55080353592 1959.96420116837 1963.75735423787 1957.64393290643 1949.79634058392
1995.34259352515 1994.2864669586 1983.34577512696 1978.67125189306 1977.52207641831 1976.97646342249 1969.33150594038 1956.73321610577 1949.61302055139 1946.94478548424 1946.62280976735 1949.53787698887 1957.55284830287 1964.40805698631 1968.70088610599 1971.16716062145 1969.67060819398 1965.11350095884 1952.3195931502 1943.20382683116 1941.66575527151 1947.44182017858 1949.09158660858 1949.0652072139 1954.56471987421 1959.1215645971 1959.28746759942 1961.77353693964 1959.64814043262 1958.15714890233 1961.54242250404 1965.66189720611 1962.95410062965 1951.86439844386 1948.46938434312 1953.22684538112 1957.84981087495 1960.54812448021 1954.91016339212 1948.60742645132 1949.56408009428 1954.58911688551 1961.02421043542 1965.92982992986 1961.30667345 1953.81022456768
1995.26597251925 1993.93605575527 1983.64858586271 1978.78191619354 1975.27426790725 1972.79269970662 1960.7767111213 1955.13910031942 1951.03699189678 1953.10475990943 1952.76211988456 1954.95992004261 1960.86552850492 1967.52456415703 1971.18036811831 1972.13562604537 1969.03584257299 1962.91660865164 1948.65745273549 1939.79947734569 1946.00953902705 1952.11088251516 1954.60847503992 1953.79468726265 1954.06368937437 1960.34217169384 1963.27689298509 1963.48567427502 1961.8189700846 1960.69192810845 1964.32454074831 1966.5257773486 1959.76129781433 1950.7144372822 1955.24929416197 1958.69085650347 1961.45131480201 1961.79290369451 1957.21726303849 1951.58462615131 1950.32204545782 1953.8961098035 1960.38662290952 1966.70228405298 1966.42706391721 1960.19878916613
1993.59225792048 1992.26520272989 1984.57807456254 1980.02571113837 1974.07057685867 1967.39860429 1960.43192858988 1954.82171741463 1954.46151761553 1956.89546642858 1956.59602599422 1958.57988648295 1963.69648833606 1970.63198892309 1973.45880976514 1971.82352836822 1966.99989117201 1960.38681860176 1945.80681091176 1942.9828992369 1949.29398355141 1955.52663975018 1958.82745745966 1957.76571519795 1956.13665081082 1961.2690622937 1965.53245665157 1965.55417694314 1964.89378264089 1963.33835057917 1964.28403804912 1964.72465102983 1956.07585464516 1950.63022834284 1960.38165512113 1963.56595960631 1965.46935188129 1964.8717471931 1960.22962485896 1953.43197931559 1950.97543925197 1953.65343267351 1960.08603850339 1967.09840682495 1970.62910219831 1963.81271184895
1989.8947141566 1988.74058657165 1985.33925286013 1981.27773019973 1977.69639182879 1969.64547144397 1960.39082408215 1954.89486287854 1959.69570633516 1959.31548267157 1959.60539556132 1962.23400699501 1967.61612201738 1973.10217525173 1974.58964197217 1970.27194255764 1964.08000463413 1957.62344873901 1947.22322174038 1949.67670148653 1953.04770960396 1957.15156177096 1960.9518621714 1962.26855681077 1960.9937093857 1962.56742604754 1966.26681952624 1967.47858382474 1967.66906930556 1965.93390040771 1964.59941871624 1961.84671907311 1952.36291493918 1952.66652834178 1963.0217360475 1965.79208742516 1967.13018261445 1966.95223283401 1963.46186799658 1956.94954989399 1954.02784181014 1954.87126030416 1960.54028190845 1968.10785138603 1972.19779960941 1967.20142167464
1986.48310750687 1984.23760855597 1983.19649209088 1979.53548605209 1976.57705365622 1968.96861992292 1959.29561892946 1958.9195366981 1965.41852647286 1965.8780729363 1966.88627821569 1969.6046569344 1972.19685449439 1975.06566375888 1975.44828256286 1969.42553489279 1962.66252079946 1956.3411529819 1949.73305191404 1955.66188699848 1959.08078216709 1961.65360602061 1963.47211493942 1965.48662167217 1965.34829871839 1964.34980458893 1966.40907699566 1968.65799516931 1969.92237751132 1967.51077730914 1963.89056422999 1958.27712030196 1952.10890184929 1955.65330470723 1962.57372372378 1966.61745098068 1968.29041381066 1969.16657539219 1967.65261701236 1962.04708260349 1959.47471284485 1959.26084482985 1962.09003410018 1969.48337567984 1972.98575414794 1972.13441054346
