Lab 6 Selection Analysis/elevation.asc
NCOLS 505 
NROWS 351 
XLLCORNER 717640.24834496 
YLLCORNER 4414960.906881 
CELLSIZE 30 
NODATA_value -9999 
[rows 140 to 159 of 351, columns 414 to 459 of 505]
1927.41800659039 1940.25751365442 1944.69558243953 1949.07113890032 1952.92662524543 1957.33723585404 1960.74317180211 1957.52983198355 1955.178088636 1950.43798175113 1948.50193321949 1950.36320690821 1953.28623261658 1947.18669511327 1934.59261166892 1923.80465990509 1912.28846885664 1896.928234107 1889.16082290845 1884.56933280794 1884.60278374098 1880.2848280496 1866.54292209093 1860.07727136921 1859.56171512719 1858.50664788714 1857.00775300053 1856.00509195375 1856.133476926 1856.34775159714 1856.58116485998 1856.84827988348 1857.13671073279 1857.5008861181 1857.77306784518 1858.07478446357 1858.3604623585 1858.87564866365 1859.32654726127 1859.7636653135 1860.22487673616 1863.30258264369 1871.34110215557 1893.07855362286 1901.90706251493 1913.26625702725
1927.66052740175 1940.90228785342 1947.09976730607 1951.73929105221 1955.15606479561 1957.76372639642 1955.02146948525 1947.44336610475 1945.03651670422 1946.93164658006 1947.84868715905 1949.97399170849 1952.92934481596 1946.8455022972 1938.2821239347 1926.3073426412 1914.37186823324 1898.23683998277 1890.22372967572 1883.47213295028 1880.03889406568 1882.88073371229 1873.02874766179 1862.98177884063 1861.23863480986 1859.78691935257 1858.21665629289 1856.61147045404 1856.31685758784 1856.20837176151 1856.50571027728 1856.7674799712 1857.05206882232 1857.41234061881 1857.65405304819 1857.91231761371 1858.18884656316 1858.69226417039 1859.15620783047 1859.6154105126 1860.11702437092 1861.90514859283 1870.18823330208 1890.80975182081 1901.77387579045 1913.16881618171
1931.43225108411 1943.75840803997 1947.69402379581 1952.52317161718 1956.54975553752 1959.19578297113 1952.8080650865 1941.64875183188 1937.40216643829 1937.79670624112 1937.76984570743 1942.97914532149 1946.75397266857 1945.73299399684 1937.98383477584 1926.39935439897 1914.5805408253 1897.06347019125 1886.83842847133 1878.76722582316 1874.79013183399 1874.205712875 1869.82717278376 1864.63922865627 1861.90024405685 1860.17180725464 1858.97577785707 1857.2016042711 1856.55694645872 1856.26112086706 1856.49445844566 1856.7381164876 1857.01988428743 1857.35645379027 1857.57218003792 1857.81288771603 1858.08069528807 1858.38209170895 1859.00192663964 1859.49736998609 1859.98585755053 1860.70450597372 1867.35194875986 1886.23225013157 1899.74977426516 1911.5238988701
1935.45215533651 1945.06005943571 1949.99052342892 1954.23467358613 1957.65551834923 1959.78564547889 1952.91866005945 1940.66291905978 1932.74295456932 1928.41125076021 1925.59310957337 1927.87455961188 1934.86427399506 1936.185243889 1932.89910798314 1924.55182065333 1913.11372607866 1895.21522846943 1885.31645832655 1879.82409323399 1877.38029189614 1872.54471482717 1868.29626656575 1864.65933164596 1861.97586517441 1860.26303827233 1859.16437205889 1858.16628499931 1856.71316588777 1856.41377450563 1856.46656864112 1856.65752359509 1856.93441981861 1857.28695113803 1857.50442514568 1857.7505375756 1858.03592083043 1858.3512979878 1858.94390556686 1859.39152871483 1859.81591597578 1860.29043294289 1864.0738030588 1874.80354467416 1896.88729140284 1907.82516723859
1942.41879203477 1941.81004477007 1951.06870715263 1955.6883458696 1958.67903951355 1958.88309690747 1953.38092140429 1945.62128947581 1938.9174158546 1930.67932176772 1921.72279577925 1918.03012681835 1918.56425912719 1918.1840675325 1915.82709087175 1911.29859159578 1903.11708080864 1888.22879806176 1883.27237373871 1882.39232547189 1879.53367099375 1873.9477874668 1868.09636636631 1864.38744041734 1861.89707196439 1860.21620304024 1859.23972471085 1858.45113639338 1857.25803446345 1856.84005976887 1856.5185129977 1856.54688331225 1856.79660612434 1857.17320882754 1857.44150651859 1857.69937571127 1858.01251042686 1858.34830982726 1858.93435362083 1859.36623432492 1859.77865838551 1860.15535522726 1861.76582230817 1870.90106931663 1890.06598217776 1898.62297741921
1948.43234496016 1946.90935786482 1954.12124174797 1956.83994868335 1957.58347221675 1954.29199857733 1948.15191472149 1945.39970296386 1942.25887117738 1936.73601205679 1929.84340339134 1920.45747369624 1904.92214675112 1901.60268247038 1899.54799105915 1896.88155980679 1893.51428290004 1891.14496128107 1891.39071198102 1890.39070835663 1886.5487762562 1879.25563745905 1870.65588866979 1865.24508767406 1861.8583919315 1860.10501560024 1859.23543143464 1858.57164870049 1857.6033338172 1857.14332638223 1856.76210293547 1856.57762982282 1856.63349599294 1857.02233049496 1857.40700952526 1857.66734232446 1857.97992944388 1858.33066063391 1858.99581422036 1859.50457734083 1859.97995083399 1860.29818582494 1861.0018688362 1867.31120604206 1880.90296709738 1890.52093206345
1953.63963420323 1952.89452163084 1957.26235135307 1958.39734022089 1956.42691524862 1950.86744357291 1942.82422690163 1938.60142376788 1937.58872009872 1934.70003044543 1930.02703987276 1922.71783373841 1905.04661617995 1899.79122387937 1898.87174842365 1902.17123416146 1902.20812657138 1901.06633012874 1896.94330870544 1892.84936745095 1887.3779906109 1880.62247961129 1875.77394023029 1869.19924888369 1862.0003194738 1859.94033490034 1859.24196343835 1858.66069221568 1857.70295180099 1857.32507230734 1856.92431685837 1856.67738059996 1856.66597000952 1856.98052668538 1857.39837967643 1857.65767118349 1857.96036130895 1858.32507524086 1858.92520271755 1859.61275963884 1860.19442453177 1860.86040117585 1862.00616411911 1866.51260048866 1879.45840502423 1892.95998037916
1956.19581109477 1958.15314799018 1960.16717665716 1959.62940234312 1955.87680736649 1948.81929538121 1940.63687841653 1933.01739230141 1927.8135694335 1924.23577535576 1920.4794299905 1915.17300463909 1911.13437125117 1911.12852203546 1912.9743415426 1915.42854313422 1913.45161550978 1907.91353341967 1898.41419707019 1891.74962859423 1885.39636088911 1882.862408166 1884.00596202691 1875.88213013194 1862.96255484904 1859.80653749681 1859.28860314447 1858.84804393918 1858.14923341815 1857.47616277386 1857.04197257653 1856.75479958538 1856.69217811567 1856.96252872493 1857.37329091213 1857.58181226683 1857.87842072257 1858.31052823268 1858.84845016954 1859.67321876268 1860.20971661666 1861.0838123456 1862.76284282668 1865.53377252045 1875.31476848238 1892.2138807128
1958.39777499709 1960.0183963212 1959.73647965105 1959.1509740713 1952.93642673912 1945.4580906624 1939.01734203097 1932.86435405811 1925.746574766 1919.30163248477 1917.4947142183 1917.23543633144 1921.79332406449 1918.56926589786 1923.19637813239 1923.59603364492 1919.58570932433 1910.26262896397 1897.94009111993 1891.11864080346 1889.39263896478 1891.06297875741 1891.29431638863 1881.70377936846 1864.62082054204 1859.96665273107 1859.39580434947 1859.04223476458 1858.61735599097 1857.76813701423 1857.32950428202 1856.9682906005 1856.80690470595 1857.00768419652 1857.32521935193 1857.51960548216 1857.82209848773 1858.31149495525 1859.06322799056 1859.95575429263 1860.4203602379 1861.47576473709 1863.52817931058 1865.04585991241 1870.46268762031 1888.19459734071
1962.01173791795 1962.64585135867 1961.93636809476 1958.68387484847 1951.49317655369 1943.6041431887 1938.01138307053 1934.02114556138 1928.53587225888 1926.10481577974 1927.27611613551 1928.57184329738 1931.7199397659 1925.22026188612 1930.2393489104 1926.95577005748 1921.44563091352 1912.21366400334 1902.30890742883 1896.12366294128 1895.62982318466 1894.51758475856 1891.65497976956 1881.85668174373 1865.28592315699 1860.23985089359 1859.61193274216 1859.28935307924 1858.89699366089 1858.04861049782 1857.6181678442 1857.18512002247 1856.91766179797 1857.01487606073 1857.20698870902 1857.36190837223 1857.67940555411 1858.31230410782 1859.1717764859 1860.12673841588 1860.56192829012 1863.11585934059 1865.52345500476 1866.28371947887 1870.45788850169 1886.00484045432
1964.98028251528 1965.63214185249 1964.7209479744 1959.09143692991 1952.39778644561 1945.69875699743 1943.08564115493 1940.28310304748 1931.41151466129 1929.42417798519 1937.40605335404 1940.23611260489 1939.46632066219 1934.38846846267 1935.33390717193 1929.26310811059 1922.07728490616 1913.86647984982 1907.43112605693 1904.58909673222 1900.60093276932 1894.62385819571 1889.01542647438 1880.30685574606 1865.89057732952 1860.58683746193 1859.89091864998 1859.58239219218 1859.20326812499 1858.39683336729 1857.9387250306 1857.47552249507 1857.13212301968 1857.12874561239 1857.24905920283 1857.31574221765 1857.66456502463 1858.54523078218 1859.49706823271 1860.47984742662 1861.49316295411 1863.84034845915 1866.31705464944 1866.78707212768 1870.47693567983 1884.60273352882
1966.93377261788 1966.74871117331 1964.97477596565 1959.82870695358 1955.89832122793 1952.58875437161 1950.69655225955 1946.17160469358 1937.77309132126 1936.79825812748 1941.50465019239 1943.338628862 1941.42540149082 1937.08008020383 1938.59013199607 1930.40140716334 1922.90972568697 1915.10096468777 1911.03973006419 1909.77358619363 1902.85373539417 1895.59110438895 1891.15253977315 1886.79280863735 1873.11657840111 1861.84924131931 1860.20018891605 1859.93271615848 1859.50447774019 1858.71581760448 1858.31885463385 1857.89349897349 1857.63813964276 1857.56932243675 1857.50529340347 1857.48699498555 1857.83983305254 1858.93093496517 1859.91585940947 1860.83718093835 1862.82657776518 1864.98487357981 1866.98638019023 1867.87695918638 1871.91264173363 1884.24237924647
1968.09260839584 1966.02574481069 1962.83947221344 1959.45397509413 1959.17719676861 1957.78499737381 1955.66037882757 1951.80876016648 1947.38948374856 1947.13139687154 1948.88195889891 1949.53644479543 1947.71672663447 1943.50551076033 1939.14313543677 1930.5390386838 1923.66104922467 1919.44774821243 1917.39678824857 1912.82457551352 1905.32295824538 1898.11293455687 1894.20891800994 1892.13664887341 1877.56442568993 1865.15515230198 1860.83147017626 1860.29170816784 1859.90677294526 1859.38373278189 1858.60063746488 1858.14069845635 1857.88333049578 1857.7830611521 1857.7014629878 1857.75143186054 1858.65563932958 1860.20949069253 1860.57700384279 1861.00293658308 1864.02724280077 1865.95633438816 1867.36898779605 1868.46295485196 1870.41165578965 1874.12562643075
1968.24874215167 1964.60179823096 1959.2550826646 1956.71694514997 1958.3539264302 1959.58827836734 1958.41037806608 1955.48762014053 1953.22224845796 1953.16832686083 1953.43517466007 1953.78381686825 1952.91979220084 1950.3670017092 1941.90399561089 1932.95237195977 1925.11867548192 1920.08003203136 1918.27164087665 1913.82355885972 1907.84198373817 1899.49322442919 1892.39897853745 1886.76875816164 1872.32731209229 1865.37203180133 1862.738539531 1861.10948705085 1860.44849282373 1859.86689944407 1858.79605368645 1858.24534470701 1858.00953921132 1857.94030806042 1857.95054452884 1858.3938682936 1859.42657395497 1860.57630391114 1861.34539665161 1862.01999486817 1864.62905694189 1866.23364584809 1867.44742635842 1868.29416784863 1869.34477283355 1870.74857449714
1966.49477488031 1962.6830183246 1956.4754511258 1953.90788326472 1955.8182807081 1959.38054640328 1958.80672936168 1957.02117809524 1954.11337640181 1952.45322095362 1952.25389577382 1954.37350873479 1955.34209857394 1954.22009127504 1945.28343281919 1938.36292833736 1928.64148939831 1927.23882110973 1927.36069044036 1919.59729687171 1907.9654936829 1899.53982621477 1892.24345018414 1883.17245264996 1869.42275295795 1865.55989223714 1864.14878555499 1862.38871053153 1861.23293841413 1860.29836009387 1858.93311638491 1858.33973959879 1858.09671321115 1858.1056899182 1858.13205258823 1858.66892297348 1859.61087131367 1860.42732806341 1861.35926769458 1862.28616166936 1865.13509013518 1866.92213332716 1867.4900861203 1868.00901074535 1868.65749068567 1870.35307940119
1964.3921551634 1960.96213674195 1956.6826242355 1952.08192190238 1951.07023607281 1955.54868013326 1956.63580869465 1955.35820324344 1953.70630300272 1949.3481922775 1949.33391533866 1952.8980597325 1957.44840259406 1957.92187142255 1947.26996901325 1941.51580158638 1936.6403317385 1935.06674496895 1930.52742481518 1919.8873330667 1906.0959219817 1897.50491914668 1890.49823233691 1882.31190800004 1873.19659770077 1866.45885805143 1865.68733718861 1863.56670308004 1861.69370760198 1860.33130034564 1859.04498522297 1858.5307396683 1858.34230725459 1858.28120093212 1858.42539381928 1859.01304927293 1859.64006441683 1860.16462778099 1860.81138912609 1861.78398876342 1863.98780372587 1865.45711303184 1866.43957703215 1867.32836643232 1868.03227057383 1869.09883180979
1962.09639962608 1959.78967298671 1956.61404961411 1950.95285453546 1945.46431242262 1948.50562901073 1950.25725549254 1950.85634947905 1950.84958187827 1945.19744397262 1946.64195807221 1951.6453629802 1957.98644810063 1959.09902471179 1948.15451578252 1942.82305367104 1939.53092036873 1934.6809638956 1928.78877743534 1917.46890799891 1903.11004035888 1894.32074001814 1884.72309086574 1876.50229933217 1871.82172499078 1867.78876295749 1865.92336182136 1863.63645794358 1861.69825194395 1860.31254465322 1859.03250596434 1858.54882332538 1858.40186315516 1858.36319089759 1858.55209759831 1859.14286451836 1859.69258500655 1860.09141519457 1860.46437116204 1861.38733538416 1862.63324243901 1865.00021394458 1866.21214682239 1867.22861429027 1867.88317511072 1869.67576526198
1959.0117177929 1957.4922753662 1953.75587519495 1949.37438439406 1942.79305589153 1942.43857380838 1945.21128027992 1946.56714739662 1946.16294753443 1942.75702448007 1946.234343477 1952.48584551549 1958.23651601761 1958.67980909558 1950.45014785179 1940.15812016699 1934.80909839028 1928.90434084723 1923.86149947552 1914.00900664569 1899.68215771458 1889.63476902248 1881.52047984197 1875.7172488144 1871.97867038005 1868.84167670341 1866.74493203081 1863.92314272184 1861.54770644158 1860.21080019352 1859.39756474424 1858.53681077922 1858.46215224566 1858.55022541383 1858.76969105375 1859.32428665886 1859.83477226068 1860.12840363437 1860.3645564866 1860.97561950469 1862.13008661971 1864.72479081822 1866.24285201821 1867.11923713212 1867.39866336116 1868.09646605488
1957.29028759139 1955.62013060751 1950.72680786177 1949.01106031302 1944.69468172338 1938.73297431647 1940.01675026435 1942.81273057609 1940.68682417518 1940.54840794484 1947.06258565197 1954.69520015004 1959.66231345014 1956.25511340491 1947.85514560762 1936.9768266584 1930.85932952344 1923.97409029751 1918.34445385149 1910.52349268326 1899.87276587181 1893.45926297568 1886.61556100515 1878.67843076801 1872.92795149724 1871.54757751579 1869.13953361713 1863.12444835611 1860.66064415796 1859.69837624603 1858.92460805728 1858.5382896789 1858.5545057693 1858.61448283097 1858.81841087764 1859.28559222632 1859.78689884068 1860.08013533453 1860.29256679366 1860.62532633005 1861.41849679464 1864.28324914838 1865.6766762034 1866.27720722744 1866.49752153826 1866.55097504742
1951.08215612592 1950.38102778621 1949.28429399134 1948.20796692104 1944.36990541569 1937.64434279267 1936.84232282514 1938.82121607917 1935.66153368194 1937.15514791025 1947.29579887736 1955.18486377876 1957.23907865329 1951.01711208155 1943.46035202281 1932.1172941719 1926.04814981106 1920.10439435348 1912.76616347888 1906.54320337922 1900.7393216063 1894.0938773691 1886.81855225587 1879.03373716709 1873.364993913 1874.16372997022 1874.88785040375 1863.40873668532 1859.99621726263 1859.18791203757 1858.64145938749 1858.68477569843 1858.74163649787 1858.82476794287 1858.98284537297 1859.2281084366 1859.75172276261 1860.15433399953 1860.31504180141 1860.46006779429 1860.87626707308 1863.2500190646 1864.69206374066 1865.38076676916 1865.64339283793 1866.03049719892
