Lab 6 Selection Analysis/rds.asc
NCOLS 505 
NROWS 351 
XLLCORNER 717640.24834496 
YLLCORNER 4414960.906881 
CELLSIZE 30 
NODATA_value -9999 
[rows 40 to 59 of 351, columns 92 to 137 of 505]
614.488850853601 622.306881000288 622.306881000288 622.306881000288 622.52737232418 623.689848506819 626.288779420733 630.306404444298 635.71584164218 639.334053378076 629.286299023406 601.574378605328 572.137059120868 542.761403790499 513.457942058953 484.239864850761 455.123595090258 426.129983230446 397.285969965968 368.626708118742 340.198931016606 312.065960937812 284.31544303719 256.647967375005 228.112592716912 198.894796430346 169.947739223971 140.851655039936 110.851655039936 80.8516550399363 50.8516550399363 20.8516550399363 9.1483449600637 35.1636108580742 54.4669606287816 79.7626601660804 106.847381200127 135.158788054887 164.067510700142 193.307551568945 222.749087534014 251.566095984201 278.894716685719 306.724658151148 334.737805331324 362.627035430987
587.307402993155 592.306881000288 592.306881000288 592.306881000288 592.538519247354 593.75967470755 596.489058522303 600.705995814562 606.379504303911 613.469263133492 614.597450237779 595.458409842759 566.114422831095 536.842929606184 507.58366610569 478.17254061865 448.662573714803 419.222259469048 389.867360666993 360.618771255544 331.504676643534 302.564007011123 273.851818642623 245.448532344899 217.475572724243 190.12348488368 163.704696386053 137.103722660947 108.339968167143 79.9342304883631 50.8516550399363 20.8516550399363 9.1483449600637 39.1483449600637 67.9812431052772 93.8049961545467 119.441865642086 146.385153169439 173.432522504864 201.317300730834 229.734976938189 258.510093525793 287.535516712589 316.742477907193 345.523977216497 373.212263338287
560.259706146629 562.306881000288 562.306881000288 562.306881000288 562.55087263849 563.836932534513 566.710377200559 571.147222092063 577.111417218069 584.556221966282 591.224703279062 585.088033117283 558.272581007359 529.827838017945 501.353694853924 472.362479571616 442.99254927529 413.712909872672 384.446571691762 354.973616359419 325.354429476232 295.812214414228 266.372593876122 237.074054550007 207.976544099661 179.178612901754 150.853349989401 123.330042122194 97.297209208857 72.7324068522417 47.7193723846877 20.8516550399363 9.1483449600637 39.1483449600637 69.1483449600637 99.1483449600637 129.148344960064 157.998428246395 184.542451116738 212.010526590948 239.958508531031 267.935032309104 296.037724713123 324.480233272179 353.1804948965 382.080458232648
532.306881000288 532.306881000288 532.306881000288 532.306881000288 532.564632460598 533.922920088628 536.956411611655 541.636997923405 547.922485326531 555.758367028389 565.08024360094 567.892990163092 549.317677372763 520.843810370253 492.064545671616 463.440254103737 435.001507635792 406.787207691473 378.565561951141 349.687284728555 320.311567544127 291.062810869142 261.835906753273 232.300340070909 202.516496547073 172.808427225214 143.224326672808 113.86423636123 84.973513379893 57.3294077941962 34.0762046148931 15.5045129211637 9.1483449600637 39.1483449600637 69.1483449600637 99.1483449600637 129.148344960064 159.148344960064 189.148344960064 219.148344960064 248.769268495107 277.256189934792 305.242639004161 333.578678985942 362.1829741636 390.829022481046
502.306881000288 502.306881000288 502.306881000288 502.306881000288 502.580020633998 504.019082882954 507.231407268461 512.183660298377 518.826027917668 527.094616145207 536.91432531972 545.271810529573 538.957476608571 511.691379577919 483.261099831449 454.773303540264 426.129983230446 397.285969965968 368.626708118742 340.198931016606 312.065960937812 284.31544303719 256.647967375005 228.112592716912 198.894796430346 169.947739223971 140.851655039936 110.851655039936 80.8516550399363 50.8516550399363 20.8516550399363 2.34597688093957 15.4672228173938 41.9170144062868 70.7913337096128 100.304872374745 130.038911994839 159.871978783161 189.757612409079 219.674402394371 249.611176429839 279.561513741995 309.521458139918 339.488470201077 369.460844213565 398.950259722096
472.306881000288 472.306881000288 472.306881000288 472.306881000288 472.597367647813 474.127410968243 477.540791021116 482.79760554385 489.838582131405 498.588035907107 508.958012840635 520.85168860047 522.727651702423 498.492905493854 471.947321959126 445.093759963814 417.52830111607 388.856035583103 360.177739730751 331.504676643534 302.564007011123 273.851818642623 245.448532344899 217.475572724243 190.12348488368 163.704696386053 137.103722660947 108.339968167143 79.9342304883631 50.8516550399363 20.8516550399363 9.1483449600637 35.1636108580742 54.4669606287816 79.7626601660804 106.847381200127 135.158788054887 164.067510700142 193.307551568945 222.749087534014 252.321930805688 281.984891246622 311.712238871103 341.487190455399 371.298367140695 401.137688458949
442.306881000288 442.306881000288 442.306881000288 442.306881000288 442.617058400288 444.250301658127 447.891364311592 453.491945548195 460.980701490264 470.267310779098 481.247858883448 493.809337328808 500.223756732289 485.072167396177 458.154317422229 431.456903405938 404.960779269717 378.110045937614 351.019331751949 323.41221322511 294.476660611778 265.778454282116 237.074054550007 207.976544099661 179.178612901754 150.853349989401 123.330042122194 97.297209208857 72.7324068522417 47.7193723846877 20.8516550399363 9.1483449600637 39.1483449600637 67.9812431052772 93.8049961545467 119.441865642086 146.385153169439 173.432522504864 201.317300730834 229.734976938189 258.510093525793 287.535516712589 316.742477907193 346.085035572437 375.531475028515 405.059101945193
412.306881000288 412.306881000288 412.306881000288 412.306881000288 412.639614516629 414.390950213191 418.291934710606 424.283312273514 432.27827609401 442.168115378282 453.828981794936 467.051396773263 477.853273451354 471.947321959126 445.093759963814 418.036728031163 391.10766080555 364.438116617742 338.012045600474 311.168361130723 284.032828430393 257.071461565282 229.561277747886 200.559637937482 171.904511409249 143.224326672808 113.86423636123 84.973513379893 57.3294077941962 34.0762046148931 15.5045129211637 9.1483449600637 39.1483449600637 69.1483449600637 99.1483449600637 129.148344960064 157.998428246395 184.542451116738 212.010526590948 239.958508531031 267.935032309104 296.037724713123 324.480233272179 353.1804948965 382.080458232648 411.138012241759
382.306881000288 382.306881000288 382.306881000288 382.306881000288 382.665691732741 384.553434323288 388.753872128404 395.193214011605 403.764493012134 414.335420258331 426.757372841859 440.406126064802 453.828981794936 455.658679827391 431.456903405938 404.960779269717 378.110045937614 351.019331751949 324.076057200605 297.448426397678 271.128891254349 244.3030191562 217.106583256531 190.12348488368 163.704696386053 137.103722660947 108.339968167143 79.9342304883631 50.8516550399363 20.8516550399363 2.34597688093957 15.4672228173938 41.9170144062868 70.7913337096128 100.304872374745 130.038911994839 159.871978783161 189.757612409079 219.674402394371 249.232099964882 277.669358716723 305.615752184015 333.918804226955 362.405380115497 390.829022481046 419.280683276316
352.306881000288 352.306881000288 352.306881000288 352.306881000288 352.696229023885 354.743358251911 359.292319830412 366.249883221896 375.482313432488 386.826772207991 400.013547003664 413.778069105165 426.757372841859 433.192694454516 418.036728031163 391.10766080555 364.438116617742 338.012045600474 311.168361130723 284.032828430393 257.071461565282 230.513857697149 204.375603086555 177.599852347231 150.323876633879 123.330042122194 97.297209208857 72.7324068522417 47.7193723846877 20.8516550399363 9.1483449600637 35.1636108580742 54.4669606287816 79.7626601660804 106.847381200127 135.158788054887 164.067510700142 193.307551568945 222.749087534014 252.321930805688 281.984891246622 311.712238871103 341.487190455399 371.037133620469 399.812509311179 428.198475032849
322.306881000288 322.306881000288 322.306881000288 322.306881000288 322.73244861449 324.968202209482 329.927730677147 337.491061751278 347.488299636251 359.716590713826 373.406160685415 386.826772207991 400.103640305269 411.089843464497 404.960779269717 378.110045937614 351.019331751949 324.076057200605 297.448426397678 271.128891254349 244.3030191562 217.106583256531 190.12348488368 163.704696386053 137.941139329623 111.352549488437 84.0560888283197 57.3294077941962 34.0762046148931 15.5045129211637 9.1483449600637 39.1483449600637 67.9812431052772 93.8049961545467 119.441865642086 146.385153169439 173.432522504864 201.317300730834 229.734976938189 258.510093525793 287.535516712589 316.742477907193 346.085035572437 375.531475028515 405.059101945193 434.651413024304
292.306881000288 292.306881000288 292.306881000288 292.306881000288 292.776097219896 295.23854010921 300.688549159089 308.968254121998 319.858048045254 332.993415878351 346.824755565708 359.716590713826 373.957145164909 388.730783539158 390.071652020038 364.438116617742 338.012045600474 311.168361130723 284.032828430393 257.071461565282 230.513857697149 204.375603086555 177.599852347231 150.323876633879 123.330042122194 97.297209208857 72.7324068522417 47.7193723846877 20.8516550399363 2.34597688093957 15.4672228173938 41.9170144062868 70.7913337096128 100.304872374745 130.038911994839 158.722062069492 185.151718565753 212.536584025254 240.291404898229 267.935032309104 296.037724713123 324.480233272179 353.1804948965 382.080458232648 411.138012241759 440.321969477493
262.306881000288 262.306881000288 262.306881000288 262.306881000288 262.829692550067 265.569534686868 271.615157605973 280.753340733336 292.694586474381 306.442497485186 319.858048045254 333.102090088153 348.432045869317 365.585631884276 372.494664094157 351.019331751949 324.076057200605 297.448426397678 271.128891254349 244.3030191562 217.106583256531 190.12348488368 163.704696386053 137.941139329623 111.352549488437 84.0560888283197 57.3294077941962 34.0762046148931 15.5045129211637 9.1483449600637 35.1636108580742 54.4669606287816 79.7626601660804 106.847381200127 135.158788054887 164.067510700142 193.307551568945 222.749087534014 251.566095984201 278.894716685719 306.724658151148 334.737805331324 362.627035430987 390.829022481046 419.280683276316 447.934425945249
232.306881000288 232.306881000288 232.306881000288 232.306881000288 232.897096243491 235.98409234694 242.767140595483 252.949337337485 266.004068262595 279.93387461004 292.694586474381 307.112186900222 323.675367375702 342.072592835751 352.752427469134 338.012045600474 311.168361130723 284.032828430393 257.071461565282 230.513857697149 204.375603086555 177.599852347231 150.323876633879 123.330042122194 97.297209208857 72.7324068522417 47.7193723846877 20.8516550399363 2.34597688093957 15.4672228173938 41.9170144062868 69.6242318548263 94.9615235692281 120.100134334394 146.385153169439 173.432522504864 201.317300730834 229.734976938189 258.510093525793 287.535516712589 316.742477907193 345.523977216497 373.212263338287 401.233753623264 429.369664238824 457.391702493305
202.306881000288 202.306881000288 202.306881000288 202.306881000288 202.984463950732 206.518097865884 214.235448626249 225.708094878803 239.546044054478 252.949337337485 266.140893049472 281.919648262557 299.877495912375 319.647348708276 333.245320588832 323.326476037255 297.448426397678 271.128891254349 244.3030191562 217.106583256531 190.12348488368 163.704696386053 137.941139329623 111.352549488437 84.0560888283197 57.3294077941962 34.0762046148931 15.5045129211637 9.1483449600637 35.1636108580742 54.4669606287816 79.7626601660804 106.847381200127 134.485218403595 160.819353522468 186.773144219299 213.285379196136 240.291404898229 267.935032309104 296.037724713123 324.480233272179 353.1804948965 382.080458232648 411.138012241759 439.876346001411 467.75415402977
172.306881000288 172.306881000288 172.306881000288 172.306881000288 173.102164842565 177.230893877902 186.165350350254 199.076201191292 213.165530931368 225.708094878803 240.399016608588 257.758396026578 277.285382433567 298.319237477217 313.519191389328 306.911045163819 282.74844026813 256.757458933994 230.513857697149 204.375603086555 177.599852347231 150.323876633879 123.330042122194 97.297209208857 72.7324068522417 47.7193723846877 20.8516550399363 2.34597688093957 15.4672228173938 41.9170144062868 69.6242318548263 94.9615235692281 120.100134334394 146.385153169439 173.432522504864 200.847890694417 227.413740855413 253.661501744096 280.270285178059 307.246486438059 334.737805331324 362.627035430987 390.829022481046 419.280683276316 447.934425945249 476.753808481537
142.306881000288 142.306881000288 142.306881000288 142.306881000288 143.269255979603 148.228048833976 158.801660317135 172.797233893156 186.165350350254 199.260517548115 215.759809101955 234.946780912159 255.94364534148 277.285382433567 292.940660395757 288.385549759399 264.985055093548 241.716500779977 216.357788085649 190.12348488368 163.704696386053 137.941139329623 111.352549488437 84.0560888283197 57.3294077941962 34.0762046148931 15.5045129211637 9.1483449600637 35.1636108580742 54.4669606287816 79.7626601660804 106.847381200127 134.485218403595 160.819353522468 186.773144219299 213.285379196136 240.291404898229 267.575504071914 294.234114307481 320.630550076909 347.291904711838 374.246607850218 401.633413115428 429.369664238824 457.391702493305 485.65010160159
112.306881000288 112.306881000288 112.306881000288 112.306881000288 113.524997472553 119.715563371843 132.302237975045 146.692793869781 158.801660317135 173.969053650971 192.64688748324 213.588611077972 234.946780912159 255.94364534148 273.472991769227 271.525626861698 246.530190856693 222.774492435174 200.164665673602 176.668913620656 150.323876633879 123.330042122194 97.297209208857 72.7324068522417 47.7193723846877 20.8516550399363 2.34597688093957 15.4672228173938 41.9170144062868 69.6242318548263 94.9615235692281 120.100134334394 146.385153169439 173.432522504864 200.847890694417 227.413740855413 253.661501744096 280.270285178059 307.246486438059 334.446685511727 361.153011457658 387.638506811066 414.332727911768 441.271376441583 468.582169324332 496.203627298403
82.3068810002878 82.3068810002878 82.3068810002878 82.3068810002878 83.9645638355732 92.1478511392032 106.491815875042 119.715563371843 132.582660296997 150.418445483533 171.269714229203 192.64688748324 213.588611077972 234.946780912159 254.071153472434 256.757458933994 230.513857697149 204.910044713962 180.66612978713 158.407440173194 136.713988870487 111.352549488437 84.0560888283197 57.3294077941962 34.0762046148931 15.5045129211637 9.1483449600637 35.1636108580742 54.4669606287816 79.7626601660804 106.847381200127 134.485218403595 160.819353522468 186.773144219299 213.285379196136 240.291404898229 267.575504071914 294.234114307481 320.630550076909 347.291904711838 374.246607850218 401.388883815318 428.123599612608 454.66829557394 481.384932458773 508.31109774633
52.3068810002878 52.3068810002878 52.3068810002878 52.3068810002878 54.8844379124557 66.1631023462142 81.3044099630733 92.1478511392032 108.34483147947 129.024428679571 150.418445483533 171.269714229203 192.64688748324 213.588611077972 234.946780912159 241.716500779977 216.357788085649 190.12348488368 163.704696386053 138.754248728534 116.221155136077 95.5120625706258 72.7324068522417 47.7193723846877 20.8516550399363 2.34597688093957 15.4672228173938 41.9170144062868 69.6242318548263 94.9615235692281 120.100134334394 146.385153169439 173.432522504864 200.847890694417 227.413740855413 253.661501744096 280.270285178059 307.246486438059 334.446685511727 361.153011457658 387.638506811066 414.332727911768 441.271376441583 468.371456728326 495.124700708478 521.711415191572
