Lab 6 Selection Analysis/rds.asc
NCOLS 505 
NROWS 351 
XLLCORNER 717640.24834496 
YLLCORNER 4414960.906881 
CELLSIZE 30 
NODATA_value -9999 
[rows 140 to 159 of 351, columns 368 to 413 of 505]
126.995188658558 106.286832300799 84.9787544679657 64.6589122250343 44.0033482991227 25.4124913843998 5.3471421187726 6.80236807912413 27.4704918583621 47.1763476295067 73.5098305893378 100.659003371679 114.367849781957 97.7830372779985 84.9181052578075 73.0759390798921 54.1971251389475 34.0762046148931 15.5045129211637 2.34597688093957 15.4672228173938 37.9322803042973 55.7292495747414 77.4916854587077 97.6121850509388 119.17817605507 139.798463395278 161.272140257448 182.090127176705 203.509974302048 224.430426848603 246.611143472453 270.306266136953 295.150973714231 320.878249212046 347.009925851136 371.753134672406 393.773310938289 415.767160507404 438.532362683644 462.124482815607 486.423187692672 511.32775535705 536.75382527389 562.45383079862 587.648082767058
148.360445564695 126.995188658558 106.286832300799 84.9787544679657 64.6589122250343 44.0033482991227 25.4124913843998 5.3471421187726 9.1483449600637 37.7741038176816 63.0567935517882 86.9716601003571 95.5120625706258 74.338228025852 58.181859240937 48.3221468982984 34.0762046148931 15.5045129211637 2.34597688093957 15.4672228173938 37.9322803042973 55.7292495747414 77.4916854587077 97.6121850509388 119.17817605507 139.798463395278 161.272140257448 182.090127176705 203.509974302048 224.430426848603 245.814949345321 266.797058094129 288.840303339765 312.213140902888 336.638595198853 361.90352881154 387.843854822609 413.137663441618 435.835862954895 458.119303132938 480.751081971393 504.152771555335 528.222024750185 552.871643742981 578.027372256563 603.625939622783
169.227852524083 148.360445564695 126.995188658558 106.286832300799 84.9787544679657 64.1051022423351 41.7693236146053 20.8516550399363 6.80236807912413 27.4704918583621 45.8021064871247 66.1631023462142 73.0759390798921 54.1971251389475 34.0762046148931 22.3068810002878 15.5045129211637 2.34597688093957 15.4672228173938 37.9322803042973 55.7292495747414 77.4916854587077 97.6121850509388 119.17817605507 139.798463395278 161.272140257448 182.090127176705 203.509974302048 224.430426848603 245.814949345321 266.797058094129 288.156641267164 309.179642377681 331.119478519076 354.243404252089 378.334299527781 403.218758454571 428.758693356953 454.189735599457 477.960782041426 500.48391266679 523.003352306884 546.242562964227 570.113507658385 594.030094538429 617.031389955464
185.254892847594 165.531000070172 146.907681270906 126.714766336606 104.607764635109 79.6130332367936 53.0856797244537 25.4124913843998 5.3471421187726 6.80236807912413 27.4704918583621 43.2245495749568 48.3221468982984 34.0762046148931 15.5045129211637 2.34597688093957 7.69311899971217 15.4672228173938 37.9322803042973 55.7292495747414 77.4916854587077 97.6121850509388 119.17817605507 139.798463395278 161.272140257448 182.090127176705 203.509974302048 224.430426848603 245.814949345321 266.797058094129 288.156641267164 309.179642377681 330.520569258399 351.572431916 373.431772922387 396.357905055219 420.176143204698 444.743209226812 469.941581247841 495.474808034535 519.295979096016 539.259571309957 558.941260975685 579.468774646205 599.283817034449 615.718107946254
178.248577673761 164.265196122172 151.092037398763 136.074827410314 112.135755292463 87.7847063470532 64.6589122250343 44.0033482991227 25.4124913843998 5.3471421187726 6.80236807912413 22.3068810002878 22.3068810002878 15.5045129211637 2.34597688093957 15.4672228173938 34.5608363444635 41.064562959546 55.7292495747414 77.4916854587077 97.6121850509388 119.17817605507 139.798463395278 161.272140257448 182.090127176705 203.509974302048 224.430426848603 245.814949345321 266.797058094129 288.156641267164 309.179642377681 330.520569258399 351.572431916 372.898967810331 393.972316616143 415.767160507404 438.532362683644 461.837335474479 484.097829060739 504.552409489832 523.572096292696 536.91432531972 548.201816542561 560.868498899683 574.823222760423 589.974561219558
151.092037398763 138.449056548722 124.083204159223 111.997610622199 97.7830372779985 84.9181052578075 73.0759390798921 54.1971251389475 36.4221814958327 20.8516550399363 0 0 2.34597688093957 7.69311899971217 15.4672228173938 37.9322803042973 54.1234284011311 68.7622154253385 79.2768320969389 97.6121850509388 119.17817605507 139.798463395278 161.272140257448 182.090127176705 203.509974302048 224.430426848603 245.814949345321 266.797058094129 288.156641267164 309.179642377681 330.520569258399 351.572431916 372.898967810331 393.972316616143 415.287367421159 435.150170229618 452.6338028093 469.726250908266 482.79760554385 489.838582131405 498.588035907107 508.958012840635 520.85168860047 534.167282846167 548.801326933526 564.6513386129
124.083204159223 111.997610622199 97.7830372779985 84.9181052578075 73.0759390798921 58.181859240937 48.3221468982984 34.0762046148931 22.3068810002878 15.5045129211637 2.34597688093957 7.69311899971217 15.4672228173938 34.5608363444635 41.064562959546 55.7292495747414 77.4916854587077 94.3164624354661 106.094219163097 120.405326514206 139.798463395278 161.272140257448 182.090127176705 203.509974302048 224.430426848603 245.814949345321 266.797058094129 288.156641267164 309.179642377681 330.520569258399 351.572431916 372.898967810331 393.972316616143 413.339269211991 428.285815478912 440.540531843192 444.250301658127 447.891364311592 453.491945548195 460.980701490264 470.267310779098 481.247858883448 493.809337328808 507.834462081976 523.205491754526 539.807600058151
97.7830372779985 84.9181052578075 73.0759390798921 58.181859240937 48.3221468982984 34.0762046148931 22.3068810002878 15.5045129211637 2.34597688093957 7.69311899971217 15.4672228173938 34.5608363444635 41.064562959546 54.1234284011311 68.7622154253385 79.2768320969389 97.6121850509388 118.365066656159 133.71705763871 145.824653433321 162.203078984023 182.090127176705 203.509974302048 224.430426848603 245.814949345321 266.797058094129 288.156641267164 309.179642377681 330.520569258399 351.572431916 372.898967810331 392.094425411633 406.98817849114 415.661203090244 413.06527440732 412.639614516629 414.390950213191 418.291934710606 424.283312273514 432.27827609401 442.168115378282 453.828981794936 467.128321637745 481.930473850354 498.101502266202 515.512654373504
74.338228025852 58.181859240937 48.3221468982984 34.0762046148931 22.3068810002878 15.5045129211637 2.34597688093957 7.69311899971217 15.4672228173938 34.5608363444635 41.064562959546 54.1234284011311 68.7622154253385 79.2768320969389 94.3164624354661 106.094219163097 120.405326514206 139.798463395278 159.239689469363 172.714218594972 186.749293286194 204.25876947293 224.430426848603 245.814949345321 266.797058094129 288.156641267164 309.179642377681 330.520569258399 351.572431916 371.83477767512 388.044121341216 396.001504503898 391.007719926329 385.922152964899 383.124711728185 382.665691732741 384.553434323288 388.753872128404 395.193214011605 403.764493012134 414.335420258331 426.757372841859 440.874064598612 456.528229473353 473.5674521277 491.847843537647
54.1971251389475 34.0762046148931 22.3068810002878 15.5045129211637 2.34597688093957 7.69311899971217 15.4672228173938 34.5608363444635 41.064562959546 54.1234284011311 68.7622154253385 79.2768320969389 94.3164624354661 106.094219163097 119.592217115295 133.71705763871 145.824653433321 162.203078984023 181.555685549297 199.367262115694 212.696492605957 228.223730969384 246.440814206262 266.797058094129 288.156641267164 309.179642377681 330.520569258399 351.572431916 370.732082151549 381.117082203711 379.67129101893 369.593875889195 361.730232946142 356.226935343035 353.194314816347 352.696229023885 354.743358251911 359.292319830412 366.249883221896 375.482313432488 386.826772207991 400.103640305269 415.127646900718 431.716397843451 449.69670337484 468.908586400272
34.0762046148931 15.5045129211637 2.34597688093957 7.69311899971217 15.4672228173938 34.5608363444635 41.064562959546 54.1234284011311 68.7622154253385 79.2768320969389 94.3164624354661 106.094219163097 119.592217115295 133.71705763871 145.824653433321 160.170628195938 172.714218594972 186.749293286194 204.25876947293 223.10752734845 239.276352371312 253.475754679219 269.994212067493 288.694047979192 309.179642377681 330.520569258399 351.572431916 369.973376847653 375.202422476894 365.050975710771 352.011235007344 341.117795540918 332.581591816964 326.587472346995 323.276869465552 322.73244861449 324.968202209482 329.927730677147 337.491061751278 347.488299636251 359.716590713826 373.957145164909 389.989654808684 407.602706541564 426.600562931989 446.806653737407
15.5045129211637 2.34597688093957 15.4672228173938 34.5608363444635 41.064562959546 54.1234284011311 68.7622154253385 79.2768320969389 94.3164624354661 106.094219163097 119.592217115295 133.71705763871 145.824653433321 160.170628195938 172.714218594972 186.214851658786 200.116057286575 212.696492605957 228.223730969384 246.440814206262 264.8057663033 279.666546412933 294.720765434107 311.941730839742 330.991354269712 351.572431916 369.586378006408 371.510105932559 354.927680635702 338.856401590546 324.766852833715 312.926654320219 303.598972525064 297.02053721428 293.376356932069 292.776097219896 295.23854010921 300.688549159089 308.968254121998 319.858048045254 333.102090088153 348.432045869317 365.585631884276 384.318693174735 404.411803376065 425.672448701214
2.34597688093957 15.4672228173938 37.9322803042973 54.1234284011311 68.7622154253385 79.2768320969389 94.3164624354661 106.094219163097 119.592217115295 133.71705763871 145.824653433321 160.170628195938 172.714218594972 186.214851658786 200.116057286575 212.696492605957 226.764006682354 239.5903550026 253.475754679219 269.994212067493 288.349577067178 305.806109641599 320.349003733842 336.260019432432 354.003346148797 370.005200484497 370.181418733082 349.692056626412 330.658168056115 313.344928011311 298.052165162804 285.104991644558 274.834882222363 267.550127982797 263.498515786085 262.829692550067 265.569534686868 271.615157605973 280.753340733336 292.694586474381 307.112186900222 323.675367375702 342.072592835751 362.024374384338 383.288032206692 405.65726335558
15.4672228173938 37.9322803042973 55.7292495747414 77.4916854587077 94.3164624354661 106.094219163097 119.592217115295 133.71705763871 145.824653433321 160.170628195938 172.714218594972 186.214851658786 200.116057286575 212.696492605957 226.764006682354 239.5903550026 253.07901907187 266.86286909494 279.666546412933 294.720765434107 311.941730839742 330.084122749003 346.457390303318 361.432898574961 374.724028611422 372.484460758449 349.563932377048 327.788615809209 307.401771436406 288.697603828859 272.023236156228 257.772511460912 246.365960206619 238.21225474454 233.652147789451 232.897096243491 235.98409234694 242.767140595483 252.949337337485 266.140893049472 281.919648262557 299.877495912375 319.647348708276 340.914059660277 363.414963348954 386.934856976495
35.1636108580742 54.4669606287816 77.4916854587077 97.6121850509388 118.365066656159 133.71705763871 145.824653433321 160.170628195938 172.714218594972 186.214851658786 200.116057286575 212.696492605957 226.764006682354 239.5903550026 253.07901907187 266.86286909494 279.666546412933 293.583958239689 306.555690804949 320.349003733842 336.260019432432 354.003346148797 371.883880024883 384.097429374981 379.545629323973 354.549104869281 330.386757992969 307.255516075833 285.406078375099 265.15538435974 246.896918042602 231.102744287329 218.30782670079 209.062885289633 203.851283403704 202.984463950732 206.518097865884 214.235448626249 225.708094878803 240.399016608588 257.758396026578 277.285382433567 298.555016458601 321.221206169893 345.008864176488 369.701582731051
41.9170144062868 69.6242318548263 94.9615235692281 118.539014594897 139.798463395278 159.239689469363 172.714218594972 186.214851658786 200.116057286575 212.696492605957 226.764006682354 239.5903550026 253.07901907187 266.86286909494 279.666546412933 293.583958239689 306.555690804949 320.033893221974 333.745902075929 346.679045618809 361.432898574961 377.99646398928 393.04469440042 391.10766080555 364.438116617742 338.327156112343 312.914719731187 288.385549759399 264.985055093548 243.039400280131 222.978277213557 205.354004541896 190.841788793572 180.193778229707 174.119556889796 173.102164842565 177.230893877902 186.165350350254 199.260517548115 215.759809101955 234.946780912159 256.218233983739 279.097973257186 303.222130432667 328.316513216379 354.174957535941
54.4669606287816 79.7626601660804 106.847381200127 134.485218403595 159.635059606837 181.135576654468 199.367262115694 212.696492605957 226.764006682354 239.5903550026 253.07901907187 266.86286909494 279.666546412933 293.583958239689 306.555690804949 320.033893221974 333.745902075929 346.679045618809 360.502646662998 373.562598060819 387.293775146239 400.435742711101 400.449386175902 378.110045937614 351.019331751949 324.076057200605 297.448426397678 271.525626861698 246.530190856693 222.774492435174 200.69910730101 180.919484976186 164.265196122172 151.765607050055 144.500404656791 143.269255979603 148.228048833976 158.801660317135 173.969053650971 192.64688748324 213.917133514898 237.082972898411 261.641378874755 287.235421701182 313.611692164888 340.588487729262
69.6242318548263 94.9615235692281 120.100134334394 146.385153169439 173.432522504864 199.895310745153 222.067634835446 239.276352371312 253.07901907187 266.86286909494 279.666546412933 293.583958239689 306.555690804949 320.033893221974 333.745902075929 346.679045618809 360.502646662998 373.562598060819 387.032541626013 400.696143025437 411.751455424707 411.633675939225 391.10766080555 364.438116617742 338.012045600474 311.168361130723 284.032828430393 257.071461565282 230.513857697149 204.910044713962 180.66612978713 158.407440173194 139.088218008895 124.083204159223 115.083311555653 113.524997472553 119.715563371843 132.582660296997 150.418445483533 171.678149367377 195.246115966886 220.38322737946 246.610259717261 273.614034475322 301.185638088092 329.182446945973
79.7626601660804 106.308987691478 132.354483581252 157.601848997243 182.953986578092 209.548860788757 236.565513248989 260.344259681005 277.730758470779 293.583958239689 306.555690804949 320.033893221974 333.745902075929 346.679045618809 360.502646662998 373.562598060819 387.032541626013 400.696143025437 413.713707675299 425.898192069951 426.501169151728 406.787207691473 378.847540811842 351.248172507238 324.076057200605 297.448426397678 271.128891254349 244.3030191562 217.106583256531 190.12348488368 163.704696386053 138.754248728534 116.221155136077 97.7830372779985 86.085207112594 83.9645638355732 92.1478511392032 108.34483147947 129.56282218822 153.733474221507 179.670257393098 206.709989183262 234.471516471357 262.726038049088 291.330118656458 320.189980315398
86.9716601003571 108.34483147947 129.56282218822 153.733474221507 179.670257393098 206.709989183262 234.471516471357 262.726038049088 290.345974374112 313.651660162179 331.170914597842 346.679045618809 360.502646662998 373.562598060819 387.032541626013 400.696143025437 413.713707675299 427.473108989694 439.758381175061 443.350186802879 426.129983230446 397.285969965968 368.626708118742 340.198931016606 312.065960937812 284.31544303719 257.071461565282 230.513857697149 204.375603086555 177.599852347231 150.323876633879 123.330042122194 97.297209208857 74.338228025852 58.181859240937 54.8844379124557 66.7169123289134 87.7548659043836 112.905274057055 139.979180453654 168.051501866895 196.695114982328 225.692186698735 254.921961455325 284.312567410877 313.818704127304
