Lab 6 Selection Analysis/rds.asc
NCOLS 505 
NROWS 351 
XLLCORNER 717640.24834496 
YLLCORNER 4414960.906881 
CELLSIZE 30 
NODATA_value -9999 
[rows 160 to 179 of 351, columns 414 to 459 of 505]
340.134568269071 370.054464267563 399.986409950801 429.92788684803 459.876967595615 489.832300663935 519.792778334772 549.757574853468 579.725999805274 609.697585516081 639.67184660722 669.64838460185 699.62694103863 729.607233642419 759.58903387492 789.572343357102 814.954879629507 816.334696361578 786.925199302276 757.562008071199 728.250721819153 698.997920497023 669.811222719986 640.699638484465 611.673907119424 582.746912339032 553.868947890132 524.89930622919 495.89489899672 467.016260002406 438.288014325807 409.741384667332 380.851655039936 350.851655039936 320.851655039936 290.851655039936 260.851655039936 230.851655039936 200.851655039936 170.851655039936 140.851655039936 110.851655039936 80.8516550399363 50.8516550399363 20.8516550399363 6.80236807912413
339.148344960064 369.148344960064 399.148344960064 429.148344960064 459.148344960064 489.148344960064 519.148344960064 549.148344960064 579.148344960064 609.148344960064 639.148344960064 669.148344960064 699.148344960064 729.148344960064 759.148344960064 789.148344960064 816.574394748982 822.656757502884 793.481640447382 764.370380922779 735.28177361081 706.107171768473 676.888490765196 647.741237642186 618.675348754268 589.702797273496 560.649105934576 531.06901415044 501.082030831338 471.09670880584 441.113378199891 411.132480700748 381.154580263707 351.180475232452 321.211213152188 291.248289081747 261.293866931651 231.35127246006 201.42581974857 171.526499778494 141.669933723482 111.890623535833 82.2731871092934 53.0856797244537 25.4124913843998 5.3471421187726
339.148344960064 369.148344960064 399.148344960064 429.148344960064 459.148344960064 489.148344960064 519.148344960064 549.148344960064 579.148344960064 609.148344960064 639.148344960064 669.148344960064 699.148344960064 729.148344960064 759.148344960064 789.148344960064 818.418106207429 828.856200554528 800.015501298843 770.85297101887 741.615583850826 711.970840735699 682.020041220532 652.073785671977 622.132698700213 592.197550984087 562.269340463173 532.349261615121 502.438675574046 472.539439160782 442.653807577051 412.784768836904 382.936163777009 353.11326358607 323.323123619111 293.575721215383 263.885421211498 234.273993116658 204.775687420355 175.447461201131 146.391471113875 117.809422981953 90.1549455068118 64.1051022423351 41.7693236146053 20.8516550399363
339.488470201077 369.460844213565 399.437373879129 429.417190636396 459.399629782944 489.384225207972 519.370594885499 549.358454032151 579.347564540107 609.337765119558 639.328888374809 669.320796880562 699.313401499575 729.306604881786 759.300328209707 789.294572042373 819.289219379079 831.840092360551 803.814207882579 773.929057111562 744.053144759363 714.187657924855 684.333894899779 654.493517410707 624.668457909382 594.860983029853 565.073810521475 535.310486271152 505.575127002835 475.872995249767 446.21069408938 416.596780916213 387.04232661337 357.562089559853 328.176054831141 298.912062942095 269.809770119411 240.92789050532 212.356436067715 184.240028553318 156.824274489602 129.984192626009 103.568796139212 78.1915011674365 50.8516550399363 20.8516550399363
341.487190455399 371.298367140695 401.137688458949 430.99933158351 460.878894893487 490.773157750609 520.679555711355 550.596144032642 580.521321943151 610.453906563905 640.39278455659 670.337108318236 700.286205004675 730.239446670588 760.196320381275 790.156599088234 820.119716975 833.331445718805 806.894603786378 777.127909895249 747.379888569597 717.652863136275 687.949501858109 658.273057108339 628.627355186061 599.016924705992 569.447226130397 539.925049757959 510.458591946889 481.0580773055 451.73642379862 422.510036897492 393.400152512753 364.434698155358 335.651084077742 307.100477286363 278.854484319009 250.870017403323 222.909500850673 195.177569907475 168.230670944699 140.851655039936 110.851655039936 80.8516550399363 50.8516550399363 20.8516550399363
346.085035572437 375.531475028515 405.059101945193 434.651413024304 464.296033275929 493.983566728591 523.706681327326 553.459681965728 583.237998601733 613.037963843813 642.856448446056 672.691113116875 702.539869716985 732.400972876705 762.272957018075 792.154646027798 822.044922962773 835.896099135081 811.073708795636 781.466272369548 751.889893812684 722.348509578038 692.846523920533 663.389163805993 633.982730644775 604.634630585273 575.35380671948 546.151051484011 517.039559819316 488.035737115736 459.159971098565 430.437997912997 401.902850673956 373.402533725505 344.710866549158 316.262597367846 288.129173901898 259.98763299928 230.851655039936 200.851655039936 170.851655039936 140.851655039936 110.851655039936 80.8516550399363 50.8516550399363 20.8516550399363
353.1804948965 382.080458232648 411.138012241759 440.321969477493 469.60876851309 498.980313004026 528.422469414005 557.924034760609 587.476103545945 617.071407423126 646.703949275217 676.368912922857 706.062204046166 735.780365737267 765.520491628885 795.280169258268 825.057249020421 839.524202304754 816.334696361578 786.925199302276 757.562008071199 728.250721819153 698.997920497023 669.811222719986 640.699638484465 611.673907119424 582.746912339032 553.868947890132 524.89930622919 495.89489899672 467.016260002406 438.288014325807 409.741384667332 380.851655039936 350.851655039936 320.851655039936 290.851655039936 260.851655039936 230.851655039936 200.851655039936 170.851655039936 140.851655039936 110.851655039936 80.8516550399363 50.8516550399363 20.8516550399363
362.1829741636 390.829022481046 419.280683276316 447.934425945249 476.753808481537 505.710494803195 534.782235985047 563.951208063398 593.203036561107 622.526098103258 651.910776186406 681.349097478054 710.834389360092 740.360984680009 769.924210548998 799.519985812092 829.144761061367 844.201893768102 822.656757502884 793.481640447382 764.370380922779 735.28177361081 706.107171768473 676.888490765196 647.741237642186 618.675348754268 589.702797273496 560.649105934576 531.06901415044 501.082030831338 471.09670880584 441.113378199891 411.132480700748 381.154580263707 351.180475232452 321.211213152188 291.248289081747 261.293866931651 231.35127246006 201.42581974857 171.526499778494 141.669933723482 111.890623535833 82.2731871092934 53.0856797244537 25.4124913843998
369.148344960064 398.66123080303 427.12703029737 455.788804207185 484.612196125124 513.57025282212 542.579742780461 571.491679634321 600.376250518347 629.365177302342 658.444722749591 687.603318432131 716.831347493735 746.1206766357 775.464368750465 804.856430895221 834.291790796521 849.703336567219 829.237643515365 800.015501298843 770.85297101887 741.615583850826 711.970840735699 682.020041220532 652.073785671977 622.132698700213 592.197550984087 562.269340463173 532.349261615121 502.438675574046 472.539439160782 442.653807577051 412.784768836904 382.936163777009 353.11326358607 323.323123619111 293.575721215383 263.885421211498 234.273993116658 204.775687420355 175.447461201131 146.391471113875 117.809422981953 90.1549455068118 64.1051022423351 41.7693236146053
369.148344960064 399.148344960064 429.148344960064 459.148344960064 489.148344960064 519.148344960064 548.969220916183 578.228938280773 607.171216995854 636.211176641492 665.336124933111 694.535447251207 723.800217515679 753.032452547191 782.116843904093 811.26790794234 840.478736671035 855.324378197178 833.707580863884 803.814207882579 773.929057111562 744.053144759363 714.187657924855 684.333894899779 654.493517410707 624.668457909382 594.860983029853 565.073810521475 535.310486271152 505.575127002835 475.872995249767 446.21069408938 416.596780916213 387.04232661337 357.562089559853 328.176054831141 298.912062942095 269.809770119411 240.92789050532 212.356436067715 184.240028553318 156.824274489602 129.984192626009 103.568796139212 78.1915011674365 50.8516550399363
369.148344960064 399.148344960064 429.148344960064 459.148344960064 489.148344960064 519.148344960064 549.148344960064 579.148344960064 609.148344960064 639.148344960064 669.148344960064 699.148344960064 729.148344960064 758.886516343346 788.046991164181 817.26804306332 846.543423585132 860.464995933166 836.677953741286 806.894603786378 777.127909895249 747.379888569597 717.652863136275 687.949501858109 658.273057108339 628.627355186061 599.016924705992 569.447226130397 539.925049757959 510.458591946889 481.0580773055 451.73642379862 422.510036897492 393.400152512753 364.434698155358 335.651084077742 307.100477286363 278.854484319009 250.870017403323 222.909500850673 195.177569907475 168.230670944699 140.851655039936 110.851655039936 80.8516550399363 50.8516550399363
369.460844213565 399.437373879129 429.417190636396 459.399629782944 489.384225207972 519.370594885499 549.358454032151 579.347564540107 609.337765119558 639.328888374809 669.320796880562 699.313401499575 729.306604881786 759.300328209707 789.294572042373 819.289219379079 849.284231477572 863.916618122489 840.709004120717 811.073708795636 781.466272369548 751.889893812684 722.348509578038 692.846523920533 663.389163805993 633.982730644775 604.634630585273 575.35380671948 546.151051484011 517.039559819316 488.035737115736 459.159971098565 430.437997912997 401.902850673956 373.402533725505 344.710866549158 316.262597367846 288.129173901898 259.98763299928 230.851655039936 200.851655039936 170.851655039936 140.851655039936 110.851655039936 80.8516550399363 50.8516550399363
371.298367140695 401.137688458949 430.99933158351 460.878894893487 490.773157750609 520.679555711355 550.596144032642 580.521321943151 610.453906563905 640.39278455659 670.337108318236 700.286205004675 730.239446670588 760.196320381275 790.156599088234 820.119716975 850.085403855087 865.991378391206 845.785707208212 816.334696361578 786.925199302276 757.562008071199 728.250721819153 698.997920497023 669.811222719986 640.699638484465 611.673907119424 582.746912339032 553.868947890132 524.89930622919 495.89489899672 467.016260002406 438.288014325807 409.741384667332 380.851655039936 350.851655039936 320.851655039936 290.851655039936 260.851655039936 230.851655039936 200.851655039936 170.851655039936 140.851655039936 110.851655039936 80.8516550399363 50.8516550399363
375.531475028515 405.059101945193 434.651413024304 464.296033275929 493.983566728591 523.706681327326 553.459681965728 583.237998601733 613.037963843813 642.856448446056 672.691113116875 702.539869716985 732.400972876705 762.272957018075 792.154646027798 822.044922962773 851.942925286217 869.092694114946 851.889218503484 822.656757502884 793.481640447382 764.370380922779 735.28177361081 706.107171768473 676.888490765196 647.741237642186 618.675348754268 589.702797273496 560.649105934576 531.06901415044 501.082030831338 471.09670880584 441.113378199891 411.132480700748 381.154580263707 351.180475232452 321.211213152188 291.248289081747 261.293866931651 231.35127246006 201.42581974857 171.526499778494 141.669933723482 111.890623535833 82.2731871092934 53.0856797244537
382.080458232648 411.138012241759 440.321969477493 469.60876851309 498.980313004026 528.422469414005 557.924034760609 587.476103545945 617.071407423126 646.703949275217 676.368912922857 706.062204046166 735.780365737267 765.520491628885 795.280169258268 825.057249020421 854.849920108068 873.088714425772 858.51343458999 829.237643515365 800.015501298843 770.85297101887 741.615583850826 711.970840735699 682.020041220532 652.073785671977 622.132698700213 592.197550984087 562.269340463173 532.349261615121 502.438675574046 472.539439160782 442.653807577051 412.784768836904 382.936163777009 353.11326358607 323.323123619111 293.575721215383 263.885421211498 234.273993116658 204.775687420355 175.447461201131 146.391471113875 117.809422981953 90.1549455068118 64.1051022423351
390.829022481046 419.280683276316 447.934425945249 476.753808481537 505.710494803195 534.782235985047 563.951208063398 593.203036561107 622.526098103258 651.910776186406 681.349097478054 710.834389360092 740.360984680009 769.924210548998 799.519985812092 829.144761061367 858.79566328244 877.376540188264 863.608409373572 833.707580863884 803.814207882579 773.929057111562 744.053144759363 714.187657924855 684.333894899779 654.493517410707 624.668457909382 594.860983029853 565.073810521475 535.310486271152 505.575127002835 475.872995249767 446.21069408938 416.596780916213 387.04232661337 357.562089559853 328.176054831141 298.912062942095 269.809770119411 240.92789050532 212.356436067715 184.240028553318 156.824274489602 129.984192626009 103.568796139212 78.1915011674365
401.633413115428 429.369664238824 457.391702493305 485.65010160159 514.105953280328 542.728162091835 571.491679634321 600.376250518347 629.365177302342 658.444722749591 687.603318432131 716.831347493735 746.1206766357 775.464368750465 804.856430895221 834.291790796521 861.018288444752 873.028982236214 860.890107319051 836.014837188857 806.894603786378 777.127909895249 747.379888569597 717.652863136275 687.949501858109 658.273057108339 628.627355186061 599.016924705992 569.447226130397 539.925049757959 510.458591946889 481.0580773055 451.73642379862 422.510036897492 393.400152512753 364.434698155358 335.651084077742 307.100477286363 278.854484319009 250.870017403323 222.909500850673 195.177569907475 168.230670944699 140.851655039936 110.851655039936 80.8516550399363
414.332727911768 441.271376441583 468.582169324332 496.203627298403 524.086740074282 552.191800721453 580.486566719974 608.944589554334 637.544022037328 666.266651481272 695.09721037146 724.022819285768 753.032452547191 782.116843904093 811.26790794234 837.656276192274 849.773898567449 844.253920497382 839.769981857958 831.055762724736 809.014593467761 781.466272369548 751.889893812684 722.348509578038 692.846523920533 663.389163805993 633.982730644775 604.634630585273 575.35380671948 546.151051484011 517.039559819316 488.035737115736 459.159971098565 430.437997912997 401.902850673956 373.402533725505 344.710866549158 316.262597367846 288.129173901898 259.98763299928 230.851655039936 200.851655039936 170.851655039936 140.851655039936 110.851655039936 80.8516550399363
426.149811347486 453.389351932886 480.886063854971 508.31109774633 535.56418431388 563.096594366027 590.869345295408 618.850083085803 647.011808348015 675.331864966658 703.791168129709 732.373431814404 761.064863869084 789.853514368254 815.833220972394 827.180816417124 820.412828496697 814.693958105678 810.04644431602 806.488835368409 800.347912657786 783.374145163259 757.562008071199 728.250721819153 698.997920497023 669.811222719986 640.699638484465 611.673907119424 582.746912339032 553.868947890132 524.89930622919 495.89489899672 467.016260002406 438.288014325807 409.741384667332 380.851655039936 350.851655039936 320.851655039936 290.851655039936 260.851655039936 230.851655039936 200.851655039936 170.851655039936 140.851655039936 110.851655039936 80.8516550399363
430.196732524362 460.128252418495 489.86828384858 518.612428116134 546.190272576793 574.008919418829 602.035694337248 630.029732627864 657.712904994099 685.591014789137 713.641301121636 741.844155541264 770.182865088846 795.675646701857 806.18897804498 798.116356920076 791.09974112676 785.167412933322 780.344083633379 776.650381701511 774.102546755702 770.738595219826 759.229054603455 735.232913411163 705.944826242481 676.719000199556 647.563936453069 618.48948832649 589.507515990121 560.443380888857 530.851655039936 500.851655039936 470.851655039936 440.851655039936 410.851655039936 380.851655039936 350.851655039936 320.851655039936 290.851655039936 260.851655039936 230.851655039936 200.851655039936 170.851655039936 140.851655039936 110.851655039936 80.8516550399363
