Lab 6 Selection Analysis/rds.asc
NCOLS 505 
NROWS 351 
XLLCORNER 717640.24834496 
YLLCORNER 4414960.906881 
CELLSIZE 30 
NODATA_value -9999 
[rows 0 to 19 of 351, columns 46 to 91 of 505]
-9999 -9999 -9999 -9999 -9999 -9999 -9999 -9999 -9999 -9999 -9999 -9999 -9999 -9999 -9999 -9999 -9999 -9999 -9999 -9999 -9999 -9999 -9999 -9999 -9999 -9999 -9999 -9999 -9999 -9999 -9999 -9999 -9999 -9999 -9999 -9999 -9999 -9999 -9999 -9999 -9999 -9999 -9999 -9999 -9999 -9999
469.824814120836 477.540791021116 482.79760554385 489.838582131405 497.989382676315 496.367685207717 472.170372427736 446.312229479102 421.004152784909 396.351486670324 372.484460758449 349.563932377048 327.788615809209 307.401771436406 288.697603828859 272.023236156228 257.772511460912 246.365960206619 238.21225474454 232.361397339281 221.645693023234 200.69910730101 179.735191060555 158.407440173194 137.527098269398 116.221155136077 95.5120625706258 72.7324068522417 47.7193723846877 20.8516550399363 2.34597688093957 7.69311899971217 15.4672228173938 41.9170144062868 69.6242318548263 94.9615235692281 116.88848852731 127.693118999712 127.693118999712 127.693118999712 127.693118999712 127.693118999712 127.693118999712 127.693118999712 127.693118999712 128.762834010856
441.083887278784 447.891364311592 453.491945548195 460.980701490264 470.267310779098 474.135066393851 458.154317422229 431.456903405938 405.222012789943 379.545629323973 354.549104869281 330.386757992969 307.255516075833 285.406078375099 265.15538435974 246.896918042602 231.102744287329 218.30782670079 209.062885289633 203.851283403704 197.441692786145 179.735191060555 158.407440173194 137.527098269398 116.221155136077 95.5120625706258 74.338228025852 54.1971251389475 34.0762046148931 15.5045129211637 9.1483449600637 32.3459768809396 41.064562959546 55.7292495747414 79.7626601660804 106.847381200127 134.485218403595 154.405500163383 157.693118999712 157.693118999712 157.693118999712 157.693118999712 157.693118999712 157.693118999712 157.693118999712 158.560849118579
412.522286433554 418.291934710606 424.283312273514 432.27827609401 442.168115378282 450.965661187607 445.093759963814 418.036728031163 391.10766080555 364.438116617742 338.327156112343 312.914719731187 288.385549759399 264.985055093548 243.039400280131 222.978277213557 205.354004541896 190.841788793572 180.193778229707 174.119556889796 169.972670370988 158.407440173194 137.527098269398 116.221155136077 95.5120625706258 74.338228025852 54.1971251389475 34.0762046148931 15.5045129211637 2.34597688093957 15.4672228173938 41.9170144062868 65.5947868040989 79.2768320969389 97.6121850509388 120.739295794567 146.385153169439 171.224769879965 186.132839639273 187.693118999712 187.693118999712 187.693118999712 187.693118999712 187.693118999712 187.693118999712 188.422825552448
383.958009547287 388.753872128404 395.193214011605 403.764493012134 414.335420258331 426.757372841859 429.182349990195 404.960779269717 378.110045937614 351.019331751949 324.076057200605 297.448426397678 271.525626861698 246.530190856693 222.774492435174 200.69910730101 180.919484976186 164.265196122172 151.765607050055 144.500404656791 142.306881000288 136.229668116917 116.221155136077 95.5120625706258 74.338228025852 54.1971251389475 34.0762046148931 15.5045129211637 2.34597688093957 15.4672228173938 37.9322803042973 55.7292495747414 79.7626601660804 103.326769598433 120.405326514206 139.798463395278 162.456434173079 187.193253114128 208.950607874087 217.693118999712 217.693118999712 217.693118999712 217.693118999712 217.693118999712 217.693118999712 218.322594675829
354.743358251911 359.292319830412 366.249883221896 375.482313432488 386.826772207991 400.103640305269 406.874787989885 391.10766080555 364.438116617742 338.012045600474 311.168361130723 284.032828430393 257.071461565282 230.513857697149 204.910044713962 180.66612978713 158.407440173194 139.088218008895 124.083204159223 115.083311555653 112.306881000288 109.221180066833 95.5120625706258 74.338228025852 54.1971251389475 34.0762046148931 15.5045129211637 2.34597688093957 15.4672228173938 37.9322803042973 55.7292495747414 77.4916854587077 97.6121850509388 120.739295794567 143.765130150878 162.203078984023 182.090127176705 204.462554251312 228.166963965016 245.566702046842 247.693118999712 247.693118999712 247.693118999712 247.693118999712 247.693118999712 248.246548292566
324.968202209482 329.927730677147 337.491061751278 347.488299636251 359.716590713826 373.957145164909 385.529587923859 378.847540811842 351.248172507238 324.076057200605 297.448426397678 271.128891254349 244.3030191562 217.106583256531 190.12348488368 163.704696386053 138.754248728534 116.221155136077 97.7830372779985 86.085207112594 82.3068810002878 81.1397791455013 73.0759390798921 54.1971251389475 34.0762046148931 15.5045129211637 2.34597688093957 15.4672228173938 37.9322803042973 55.7292495747414 77.4916854587077 97.6121850509388 119.17817605507 139.798463395278 162.456434173079 185.117989035399 204.25876947293 224.430426848603 246.611143472453 267.354172356521 277.693118999712 277.693118999712 277.693118999712 277.693118999712 277.693118999712 278.186887439708
295.23854010921 300.688549159089 308.968254121998 319.858048045254 333.102090088153 348.432045869317 364.5167071111 366.874325671747 340.198931016606 312.065960937812 284.31544303719 257.071461565282 230.513857697149 204.375603086555 177.599852347231 150.323876633879 123.330042122194 97.297209208857 74.338228025852 58.181859240937 52.3068810002878 52.3068810002878 48.3221468982984 34.0762046148931 15.5045129211637 2.34597688093957 15.4672228173938 37.9322803042973 55.7292495747414 77.4916854587077 97.6121850509388 119.17817605507 139.798463395278 161.272140257448 182.090127176705 204.462554251312 226.876213514846 246.440814206262 266.797058094129 288.840303339765 305.715458600659 307.693118999712 307.693118999712 307.693118999712 307.693118999712 308.138814357363
265.569534686868 271.615157605973 280.753340733336 292.694586474381 307.112186900222 323.675367375702 342.072592835751 350.982797336636 331.504676643534 302.564007011123 273.851818642623 245.448532344899 217.475572724243 190.12348488368 163.704696386053 137.941139329623 111.352549488437 84.0560888283197 57.3294077941962 34.0762046148931 22.3068810002878 22.3068810002878 22.3068810002878 15.5045129211637 2.34597688093957 15.4672228173938 37.9322803042973 55.7292495747414 77.4916854587077 97.6121850509388 119.17817605507 139.798463395278 161.272140257448 182.090127176705 203.509974302048 224.430426848603 246.611143472453 268.847587760611 288.694047979192 309.179642377681 328.289024466467 337.693118999712 337.693118999712 337.693118999712 337.693118999712 338.099253742677
235.98409234694 242.767140595483 252.949337337485 266.140893049472 281.919648262557 299.877495912375 319.647348708276 334.219403103732 325.354429476232 295.812214414228 266.372593876122 237.074054550007 207.976544099661 179.178612901754 150.853349989401 123.330042122194 97.297209208857 72.7324068522417 47.7193723846877 20.8516550399363 2.34597688093957 7.69311899971217 7.69311899971217 7.69311899971217 15.4672228173938 37.9322803042973 55.7292495747414 77.4916854587077 97.6121850509388 119.17817605507 139.798463395278 161.272140257448 182.090127176705 203.509974302048 224.430426848603 245.814949345321 266.797058094129 288.840303339765 310.944450541256 330.991354269712 351.289498133021 366.23828773611 367.693118999712 367.693118999712 367.693118999712 368.066146084295
206.518097865884 214.235448626249 225.708094878803 240.399016608588 257.758396026578 277.285382433567 298.319237477217 317.821938659309 319.916565283944 292.001730629782 262.133887648812 232.300340070909 202.516496547073 172.808427225214 143.224326672808 113.86423636123 84.973513379893 57.3294077941962 34.0762046148931 15.5045129211637 9.1483449600637 32.3459768809396 37.6931189997122 37.6931189997122 41.064562959546 55.7292495747414 77.4916854587077 97.6121850509388 119.17817605507 139.798463395278 161.272140257448 182.090127176705 203.509974302048 224.430426848603 245.814949345321 266.797058094129 288.156641267164 309.179642377681 331.119478519076 353.121266781029 373.31779028842 390.55315364903 397.693118999712 397.693118999712 397.693118999712 398.03803342746
177.230893877902 186.165350350254 199.260517548115 215.759809101955 234.946780912159 255.94364534148 277.285382433567 298.319237477217 309.232704442788 290.851655039936 260.851655039936 230.851655039936 200.851655039936 170.851655039936 140.851655039936 110.851655039936 80.8516550399363 50.8516550399363 20.8516550399363 2.34597688093957 15.4672228173938 41.9170144062868 63.6082658268994 67.6931189997122 69.6796399769117 79.2768320969389 97.6121850509388 119.17817605507 139.798463395278 161.272140257448 182.090127176705 203.509974302048 224.430426848603 245.814949345321 266.797058094129 288.156641267164 309.179642377681 330.520569258399 351.572431916 373.431772922387 395.352198904653 414.697652975018 426.976973792787 427.693118999712 427.693118999712 428.013872531574
148.228048833976 158.801660317135 173.969053650971 192.64688748324 213.588611077972 234.946780912159 255.94364534148 277.285382433567 294.032750530678 290.314248327908 260.851655039936 230.851655039936 200.851655039936 170.851655039936 140.851655039936 110.851655039936 80.8516550399363 50.8516550399363 20.8516550399363 9.1483449600637 35.1636108580742 54.4669606287816 78.6587873134942 95.5839381273562 99.0857971803218 106.094219163097 120.405326514206 139.798463395278 161.272140257448 182.090127176705 203.509974302048 224.430426848603 245.814949345321 266.797058094129 288.156641267164 309.179642377681 330.520569258399 351.572431916 372.898967810331 393.972316616143 415.767160507404 437.621318393554 453.587350267936 457.693118999712 457.693118999712 457.992858062638
119.715563371843 132.582660296997 150.418445483533 171.269714229203 192.64688748324 213.588611077972 234.946780912159 255.94364534148 277.285382433567 285.120184551998 260.851655039936 230.851655039936 200.851655039936 170.851655039936 140.851655039936 110.851655039936 80.8516550399363 50.8516550399363 20.8516550399363 9.1483449600637 39.1483449600637 67.9812431052772 93.8049961545467 116.230219835002 128.762834010856 134.246530994233 145.824653433321 162.203078984023 182.090127176705 203.509974302048 224.430426848603 245.814949345321 266.797058094129 288.156641267164 309.179642377681 330.520569258399 351.572431916 372.898967810331 393.972316616143 415.287367421159 436.377240424722 458.119303132938 477.952898188369 487.693118999712 487.693118999712 487.974432129242
92.1478511392032 108.34483147947 129.024428679571 150.418445483533 171.269714229203 192.64688748324 213.588611077972 234.946780912159 255.94364534148 270.651632552487 260.851655039936 230.851655039936 200.851655039936 170.851655039936 140.851655039936 110.851655039936 80.8516550399363 50.8516550399363 20.8516550399363 9.1483449600637 39.1483449600637 69.1483449600637 99.1483449600637 129.148344960064 153.019546532231 162.609798976099 172.714218594972 186.749293286194 204.25876947293 224.430426848603 245.814949345321 266.797058094129 288.156641267164 309.179642377681 330.520569258399 351.572431916 372.898967810331 393.972316616143 415.287367421159 436.377240424722 457.682931331378 478.785861996899 500.284015603527 516.04516748283 517.693118999712 517.958132767456
66.7169123289134 86.9716601003571 108.34483147947 129.024428679571 150.418445483533 171.269714229203 192.64688748324 213.588611077972 234.946780912159 254.45022993739 258.099373226125 230.851655039936 200.851655039936 170.851655039936 140.851655039936 110.851655039936 80.8516550399363 50.8516550399363 20.8516550399363 9.1483449600637 39.1483449600637 69.1483449600637 99.1483449600637 129.148344960064 159.148344960064 184.553729505839 198.987257874635 212.696492605957 228.223730969384 246.440814206262 266.797058094129 288.156641267164 309.179642377681 330.520569258399 351.572431916 372.898967810331 393.972316616143 415.287367421159 436.377240424722 457.682931331378 478.785861996899 500.083779473659 521.197374243346 539.625046140331 547.693118999712 547.943620421607
45.8021064871247 66.7169123289134 86.9716601003571 108.34483147947 129.024428679571 150.418445483533 171.269714229203 192.64688748324 213.588611077972 234.946780912159 245.608020116563 228.797141439593 200.851655039936 170.851655039936 140.851655039936 110.851655039936 80.8516550399363 50.8516550399363 20.8516550399363 9.1483449600637 39.1483449600637 69.1483449600637 99.1483449600637 129.148344960064 159.148344960064 189.148344960064 216.53469500974 236.68149206635 253.475754679219 269.994212067493 288.694047979192 309.179642377681 330.520569258399 351.572431916 372.898967810331 393.972316616143 415.287367421159 436.377240424722 457.682931331378 478.785861996899 500.083779473659 521.197374243346 542.488695404071 562.896964519546 576.618294696866 577.930605172239
27.4704918583621 45.8021064871247 66.7169123289134 86.9716601003571 108.34483147947 129.024428679571 150.418445483533 171.269714229203 192.64688748324 213.588611077972 226.446702718031 216.40241423224 197.239962533874 170.851655039936 140.851655039936 110.851655039936 80.8516550399363 50.8516550399363 20.8516550399363 9.1483449600637 39.1483449600637 69.1483449600637 99.1483449600637 129.148344960064 159.148344960064 189.148344960064 219.148344960064 248.769268495107 274.434048620715 293.139990436152 311.941730839742 330.991354269712 351.572431916 372.898967810331 393.972316616143 415.287367421159 436.377240424722 457.682931331378 478.785861996899 500.083779473659 521.197374243346 542.488695404071 563.61102495129 584.896752161878 602.00076719816 607.918896122897
6.80236807912413 27.4704918583621 45.8021064871247 66.7169123289134 86.9716601003571 108.34483147947 129.024428679571 150.418445483533 171.269714229203 192.64688748324 203.182806517913 190.841788793572 179.630792729897 166.033986276686 140.851655039936 110.851655039936 80.8516550399363 50.8516550399363 20.8516550399363 9.1483449600637 39.1483449600637 69.1483449600637 99.1483449600637 129.148344960064 159.148344960064 189.148344960064 219.148344960064 249.148344960064 279.148344960064 307.901154189111 332.236154649695 352.898860829133 373.31779028842 393.972316616143 415.287367421159 436.377240424722 457.682931331378 478.785861996899 500.083779473659 521.197374243346 542.488695404071 563.61102495129 584.896752161878 606.026497915758 625.857040531005 637.543157653683
5.3471421187726 6.80236807912413 27.4704918583621 45.8021064871247 66.7169123289134 86.9716601003571 108.34483147947 129.024428679571 150.418445483533 171.269714229203 180.919484976186 164.265196122172 151.765607050055 144.500404656791 135.504512921164 110.851655039936 80.8516550399363 50.8516550399363 20.8516550399363 9.1483449600637 39.1483449600637 69.1483449600637 99.1483449600637 129.148344960064 159.148344960064 189.148344960064 219.148344960064 249.148344960064 279.148344960064 309.148344960064 339.148344960064 367.830386144733 392.427691204372 414.527342620858 436.377240424722 457.682931331378 478.785861996899 500.083779473659 521.197374243346 542.488695404071 563.61102495129 584.896752161878 606.026497915758 627.307332198656 648.443372994236 664.847632180978
